"Gene"	"effect.size"	"p.value"	"q.value"	"Mean"	"CV2"	"TechNoise"	"BioVar"
"AT2G41240"	3.93582076909913	0	0	3.14285714285714	4.17196439923713	0.236143630137994	4.14299032179847
"AT2G24940"	2.17579393523362	0	0	6.28571428571429	2.29513668150032	0.119342746266698	4.2653972863173
"AT5G45428"	2.08705434434508	0	0	27.2857142857143	2.11650321663753	0.0294488722924547	6.16732648210378
"AT4G19690"	1.95808269695064	0	0	7.42857142857143	2.05945607646791	0.101373379517268	4.34451259927485
"AT1G76600"	1.6766198076951	0	0	10.7857142857143	1.74723105936649	0.0706112516713892	4.629028506667
"AT1G13609"	1.6628823813053	0	0	9.85714285714286	1.73990596674907	0.0770235854437648	4.49756524540011
"AT5G24770"	1.51033091421026	0	0	23.2142857142857	1.54449886208466	0.0341679478743992	5.49835139566777
"AT2G14247"	1.20670348307142	0	0	20.4285714285714	1.24518407896568	0.0384805958942625	5.01608408513808
"AT1G77120"	1.20053607396845	0	0	9.85714285714286	1.27755965941221	0.0770235854437648	4.05194657133139
"AT2G43020"	1.07947203044895	0	0	12.0714285714286	1.14283328799627	0.0633612575473196	4.17287018478004
"AT5G20790"	1.0667171907245	0	0	15.5	1.1166253101737	0.0499081194491996	4.48372680872112
"AT1G55010"	1.04313509743489	0	0	7.21428571428571	1.14744406656964	0.104308969134749	3.45948870937938
"AT5G18661"	1.00914430799341	0	0	6.78571428571429	1.11988067334328	0.110736365349866	3.33814403703548
"AT5G48850"	0.926102847644569	0	0	13.6428571428571	0.982458729834076	0.0563558821895071	4.1237586995228
"AT4G17490"	0.905370132704043	0	0	12.5	0.966646153846154	0.061276021142111	3.97959335348165
"AT3G56980"	0.819539751326732	8.70414851306123e-14	1.3906480645394e-11	6	0.944444444444444	0.124904693117712	2.91863824949934
"AT3G23550"	0.813934898259396	3.33066907387547e-16	6.56531106536128e-14	7.14285714285714	0.919261538461538	0.105326640202143	3.12560499759361
"AT1G47400"	0.803012998193832	0	0	23.1428571428571	0.837278557443167	0.0342655592493344	4.61087653985373
"AT5G03545"	0.797583238567921	0	0	38.4285714285714	0.819230078250821	0.0216468396829004	5.24204036518409
"AT2G36030"	0.790832433686201	0	0	7.85714285714286	0.88681500317864	0.095982569492439	3.20778883777843
"AT5G45430"	0.755421398562104	0	0	52.6428571428571	0.771909635151094	0.0164882365889897	5.54892294953252
"AT1G47395"	0.743016516470546	0	0	39.1428571428571	0.764314725181047	0.0212982087105008	5.16536282283144
"AT4G17470"	0.73715969871232	2.89768209427166e-14	4.94168750863542e-12	7	0.84458398744113	0.107424288728811	2.97492067032917
"AT2G43620"	0.730523764296404	0	0	8.71428571428571	0.817315444566184	0.0867916802697796	3.2352643372867
"AT4G15700"	0.719042618977881	1.14988019106477e-11	1.50455875344664e-09	5.85714285714286	0.846931771381504	0.127889152403622	2.72735185149377
"AT5G26220"	0.706270651570592	0	0	35.8571428571429	0.729287569305982	0.0230169177353903	4.98572124769559
"AT4G22520"	0.70062293165335	0	0	70.5714285714286	0.713568111640527	0.0129451799871775	5.78456421524641
"AT4G39675"	0.700227165346172	4.62069271733867e-11	5.61062992510131e-09	5.71428571428571	0.83125	0.131022834653828	2.66546416899816
"AT5G59820"	0.695211441703056	0	0	9.92857142857143	0.77169918741266	0.0764877457096039	3.33473805291052
"AT4G22517"	0.678788863236927	0	0	127.571428571429	0.687085752385226	0.00829688914829917	6.37177584600311
"AT4G22485"	0.677743464301596	0	0	18.5714285714286	0.719817933545744	0.0420744692441485	4.09661506836786
"AT4G22505"	0.663364230585927	0	0	27.8571428571429	0.692261164213827	0.0288969336278997	4.58232809969381
"AT1G70700"	0.658193869407187	0	0	28.1428571428571	0.686823238860138	0.0286293694529505	4.58437105297601
"AT4G22513"	0.647800466560364	0	0	153.928571428571	0.65511192421362	0.00731145765325555	6.48543853964006
"AT3G50480"	0.62726958882221	6.02995431364661e-12	8.17166487254717e-10	7	0.73469387755102	0.107424288728811	2.77382302735595
"AT2G05540"	0.626584591325647	0	0	15.2142857142857	0.677382217949566	0.0507976266239188	3.73713711712943
"AT5G42800"	0.624577449376761	0	0	25.1428571428571	0.656319532739987	0.0317420833632262	4.36992964342789
"AT4G22490"	0.623329729832307	0	0	144.642857142857	0.630947383724338	0.00761765389203133	6.3720291494949
"AT5G54060"	0.616911928334349	7.07767178198537e-13	1.02309430768547e-10	7.71428571428571	0.714624881291548	0.0977129529571989	2.87056441997863
"AT4G22880"	0.609326505806687	0	0	19.3571428571429	0.649796330492399	0.0404698246857123	4.00506909213835
"AT3G18000"	0.604694693426963	0	0	48.0714285714286	0.622509182539563	0.0178144891125999	5.12697210302901
"AT1G72900"	0.595734908284757	0	0	13.8571428571429	0.651258614910438	0.0555237066256808	3.55205476461798
"AT2G43018"	0.594394045281604	0	0	18.2142857142857	0.63724366367965	0.0428496183980455	3.89449086170483
"ATCG00640"	0.592142454476276	2.57075480902813e-07	1.95094582457145e-05	4.5	0.757834757834758	0.165692303358482	2.19337672119054
"AT4G22510"	0.591154437367139	1.11022302462516e-16	2.27715744158927e-14	10.5714285714286	0.663145473956285	0.0719910365891457	3.20343619172862
"AT2G25735"	0.588835778208024	8.65973959207622e-15	1.51077617848888e-12	9.42857142857143	0.669244896517624	0.0804091183095995	3.05710321640531
"AT3G05727"	0.586678194011754	0	0	274.571428571429	0.591893958015032	0.00521576400327783	6.82631632608217
"AT2G36854"	0.584765667490165	2.80383494200009e-11	3.54638389580645e-09	7.14285714285714	0.690092307692308	0.105326640202143	2.7119189691779
"AT5G27889"	0.583216058564834	6.06051098195337e-10	6.47791800592171e-08	6.28571428571429	0.702558804831532	0.119342746266698	2.55750810421837
"AT5G04340"	0.561568148932871	0	0	11.6428571428571	0.627168157221979	0.065600008289108	3.25708441009575
"AT5G59330"	0.540972575053962	1.15400571321089e-08	1.05515052500692e-06	5.92857142857143	0.667351519144232	0.12637894409027	2.40069076625859
"AT5G09672"	0.517188760861382	5.1580159032838e-09	4.95495983417984e-07	6.5	0.632680928538917	0.115492167677535	2.45368309224249
"AT4G12490"	0.515146936058236	0	0	23.2142857142857	0.549314883932635	0.0341679478743992	4.00691787557929
"AT5G64110"	0.492463926337106	3.21964677141295e-15	5.81759508291736e-13	12.0714285714286	0.555825183884425	0.0633612575473196	3.13295832873488
"AT1G27020"	0.458091532920066	0	0	27.0714285714286	0.487753389459727	0.0296618565396609	4.03947109412738
"AT3G15356"	0.458031726187932	0	0	45.5714285714286	0.476684055324202	0.0186523291362706	4.67560567158057
"AT4G17500"	0.458013953278177	0	0	16.6428571428571	0.504669454217245	0.0466555009390676	3.43521967039861
"AT1G15125"	0.444747142803015	0	0	41.4285714285714	0.465010518613372	0.0202633758103574	4.52031690316248
"AT1G05680"	0.444040439171212	1.94534388597845e-11	2.48121256314125e-09	10	0.52	0.0759595608287882	2.77520815378008
"AT5G38930"	0.431014480250256	6.36141139764845e-11	7.66297636456414e-09	9.85714285714286	0.50803806569402	0.0770235854437648	2.72156441046081
"AT1G52400"	0.423043959111138	0	0	36.2857142857143	0.445819045484245	0.022775086373107	4.29092981967044
"AT4G22870"	0.422389558454135	2.13293382955726e-10	2.492213661767e-08	9.57142857142857	0.501636478914269	0.0792469204601339	2.66221548623583
"AT5G55450"	0.419260414133689	0	0	42.9285714285714	0.438904569009414	0.019644154875725	4.48173528167359
"AT5G08760"	0.410169918875109	0	0	18.3571428571429	0.452705858238115	0.0425359393630055	3.41181975587777
"AT5G44585"	0.396868548722065	1.756372824957e-13	2.72022721808136e-11	13.7857142857143	0.452666772675363	0.0557982239532988	3.02015830441624
"AT5G53486"	0.396437364993666	1.54129882967702e-07	1.19356294065499e-05	7.28571428571429	0.499748617395676	0.10331125240201	2.27420517813631
"AT2G38470"	0.39121773179742	3.66373598126302e-14	6.17868719151223e-12	14.8571428571429	0.443175352753755	0.0519576209563351	3.09247036890913
"AT4G36670"	0.389991035090928	2.88657986402541e-15	5.3429889239241e-13	16.2857142857143	0.437613940384024	0.0476229052930954	3.19993115477946
"AT5G48570"	0.383471255010562	3.75913350225687e-06	0.000239731631501071	6.07142857142857	0.506936385413894	0.123465130403332	2.03770107054682
"AT4G15680"	0.382459584712088	1.56834990161503e-06	0.000104865263465696	6.5	0.497951752389622	0.115492167677535	2.10821094742418
"AT1G08090"	0.382371629638536	5.44248117129165e-07	3.93361805799355e-05	7	0.489795918367347	0.107424288728811	2.18886052663479
"AT5G04238"	0.371937971658207	7.48081608881179e-07	5.28110821376676e-05	7.07142857142857	0.478302841939206	0.106364870280999	2.16890262086315
"AT4G29030"	0.370921922833395	0	0	47.2857142857143	0.388990186710178	0.0180682638767829	4.42820396603316
"ATCG00710"	0.37029277002164	1.26627597296647e-11	1.64269544595599e-09	12.7142857142857	0.43057888961184	0.0602861195902002	2.83637981273142
"AT3G08770"	0.368760640954229	0	0	122.857142857143	0.377278362524441	0.00851772157021266	5.4690179801684
"AT3G25760"	0.364790669868136	0	0	47.8571428571429	0.382673543876484	0.0178828740083485	4.4194636438219
"AT2G41730"	0.361325253611314	5.7065463465733e-14	9.21425111152017e-12	16.2142857142857	0.409146753807042	0.0478215001957284	3.09688711127092
"AT3G18217"	0.347752283339028	1.56688051422549e-09	1.5854741629943e-07	11	0.417037507946599	0.0692852246075713	2.58955751515909
"AT3G30720"	0.347381610545063	3.98638344556446e-10	4.38444405338966e-08	11.7857142857143	0.412217277671823	0.06483566712676	2.668545389273
"AT4G08555"	0.345672947138874	0	0	42.7142857142857	0.365402899468514	0.0197299523296397	4.21102870635949
"AT5G04790"	0.340265078852366	5.96425686616442e-10	6.42024756841444e-08	11.8571428571429	0.404725482095202	0.0644604032428362	2.65045856745163
"AT3G14981"	0.339989243619538	8.33670864610614e-05	0.00430389672893194	5.28571428571429	0.481429454402427	0.141440210782889	1.76713208040228
"AT3G28220"	0.335327208097305	1.26742710770955e-08	1.14506003814378e-06	10.2857142857143	0.409247388414055	0.0739201803167497	2.46893302916257
"AT2G42540"	0.332854598796171	0	0	106.428571428571	0.342294768426925	0.00944016963075388	5.18028264873349
"ATCG01020"	0.331250294304444	0	0	28.7857142857143	0.359297064344198	0.0280467700397546	3.67927060786549
"AT2G15128"	0.329471030611156	9.06070779516099e-08	7.39373241478245e-06	9.35714285714286	0.410474555454452	0.0810035248432956	2.34123620191932
"AT1G07135"	0.328041319253806	1.70018443768072e-11	2.18689825382355e-09	14.6428571428571	0.380722097652496	0.0526807783986902	2.85338974061977
"AT2G16060"	0.326125810849468	0	0	26.6428571428571	0.356223913943728	0.0300981030942602	3.56503989995788
"AT5G44568"	0.32557344100892	3.68948205320407e-11	4.51604504867189e-09	14.2857142857143	0.379507692307692	0.0539342512987724	2.81485546612965
"AT5G07842"	0.324381531839618	7.575823294248e-07	5.32341879444889e-05	8.28571428571429	0.415530961309796	0.0911494294701784	2.1886504453751
"AT1G65390"	0.324161833162492	3.71869034454519e-08	3.13568233608372e-06	10.0714285714286	0.39960070109459	0.0754388679320975	2.40517918273398
"AT2G30766"	0.322976176016669	0	0	95.3571428571429	0.333217272704711	0.0102410966880419	5.02402106384862
"AT4G31800"	0.322722552482374	8.32412462292709e-08	6.90401986485177e-06	9.64285714285714	0.401401287327213	0.0786787348448396	2.35099957919148
"AT5G07840"	0.318158884024036	1.90440432312755e-08	1.67081207031387e-06	10.7142857142857	0.389223931623932	0.0710650475998958	2.45338834866097
"AT2G42530"	0.315839341227158	0	0	121.785714285714	0.324409636338498	0.00857029511134003	5.24232798085508
"AT4G26055"	0.315338228183438	0.00012781030622222	0.00621764367897711	5.5	0.451366815003179	0.13602858681974	1.73039048379106
"AT4G30140"	0.311998911352006	0	0	51.3571428571429	0.328836292218443	0.016837380866437	4.28762988873717
"AT3G29590"	0.311524701202105	6.73282328289559e-06	0.000410404786296343	7.35714285714286	0.413857610011819	0.102332908809713	2.01586431599688
"AT2G16005"	0.311397669866973	8.7141562854498e-09	8.11432295095442e-07	11.5	0.377781009160971	0.0663833392939987	2.5086570715573
"AT4G22230"	0.307688166133808	4.04345796733985e-07	2.99373683064801e-05	9.21428571428571	0.389908150860017	0.0822199847262087	2.24557330495322
"AT2G36800"	0.302860050936099	5.49705826710101e-05	0.002969193963632	6.28571428571429	0.422202797202797	0.119342746266698	1.82282525584629
"AT1G19020"	0.300648648557959	3.76365605347928e-14	6.2774474263416e-12	21.1428571428571	0.337915098050233	0.037266449492274	3.18071153155369
"AT1G06160"	0.297294450800987	8.48359408097688e-05	0.0043648810495277	6.14285714285714	0.419353496692599	0.122059045891612	1.78058766738729
"AT4G24380"	0.296481485087886	4.95399916866646e-07	3.61499035490478e-05	9.5	0.376305135307905	0.0798236502200191	2.23701481968066
"AT2G41100"	0.285403128456836	0	0	59.2142857142857	0.300343637149794	0.0149405086929583	4.32931292554251
"AT1G02205"	0.284654610519762	1.7386655670748e-07	1.33956680086606e-05	10.7142857142857	0.355719658119658	0.0710650475998958	2.32352863519889
"AT1G19380"	0.284472149145478	2.9217095409706e-10	3.30938115021281e-08	15.4285714285714	0.334599556821779	0.0501274076763005	2.73876400189807
"AT4G27280"	0.282805120360084	2.02060590481778e-14	3.48508595719595e-12	23.6428571428571	0.316399785718248	0.0335946653581636	3.23544455821104
"AT3G07273"	0.278488205709028	1.21331056313068e-10	1.45004942733838e-08	16.5714285714286	0.325333851641818	0.0468456459327903	2.79593407753181
"AT3G49580"	0.277842887608484	3.20935500397468e-11	4.02575126035766e-09	17.7142857142857	0.321830224925958	0.0439873373174749	2.87113964576444
"AT3G06390"	0.273845491090398	9.20376529434108e-08	7.4305717892292e-06	11.7142857142857	0.33906099848991	0.0652155073995122	2.3782578790949
"AT3G51450"	0.27328976686	1.39963610146232e-07	1.10070863979249e-05	11.4285714285714	0.340072115384615	0.066782348524615	2.34830198096772
"AT5G64120"	0.267993855098893	0	0	76.5714285714286	0.280123849752386	0.0121299946534936	4.52941400005945
"AT3G49570"	0.264212967368823	5.70927782828079e-09	5.38232415389105e-07	14.5	0.317387725235525	0.0531747578667029	2.57743287001035
"AT1G63245"	0.261532955647634	0.000109763624554837	0.00549832440096805	6.92857142857143	0.370038506503593	0.108505550855959	1.76990655754933
"AT4G11210"	0.259440316712665	9.62919129754436e-06	0.000577675357763353	8.85714285714286	0.344873128952213	0.0854328122395477	2.01320354623613
"AT1G09240"	0.257988981810626	1.07117658121325e-06	7.32356673407871e-05	10.6428571428571	0.329513916559545	0.0715249347489193	2.20382121521437
"AT4G13493"	0.256810768426969	1.27688382867142e-07	1.00940326831118e-05	12.4285714285714	0.318424342205555	0.0616135737785864	2.36963050409874
"AT5G08210"	0.254040757610266	8.63117961547033e-08	7.11978501106569e-06	12.9285714285714	0.313369790064641	0.0593290324543748	2.4010559452621
"AT5G23940"	0.249837484700066	2.26929586233382e-13	3.44433725985027e-11	25.7142857142857	0.280930674264008	0.0310931895639412	3.17554363590007
"AT1G56650"	0.248994338737725	0.000107148517531352	0.00539734990647069	7.35714285714286	0.351327247547438	0.102332908809713	1.77954530067378
"AT1G26250"	0.246071907118529	1.24547327895463e-07	9.89727404605939e-06	13.1428571428571	0.304475061800204	0.0584031546816742	2.38220586386169
"AT3G17790"	0.245523679899785	1.29977839602446e-09	1.35123537636023e-07	17.3571428571429	0.290363804767097	0.0448401248673118	2.69499942495794
"AT2G28630"	0.244175701396574	5.98449649824584e-06	0.000367743675507592	9.92857142857143	0.320663447106178	0.0764877457096039	2.06775937454046
"AT5G38940"	0.242394426592195	2.98761060335551e-09	2.92554540243419e-07	16.8571428571429	0.288489160939606	0.0460947343474108	2.64584325695595
"AT4G30270"	0.241985582933332	0	0	94.7142857142857	0.252278936867705	0.010293353934372	4.61523471425356
"AT5G53450"	0.240883897705604	0	0	61.2142857142857	0.255419316437849	0.0145354187322447	4.13522309702999
"AT5G47990"	0.240513209734448	4.77395900588817e-14	7.87599454254029e-12	29.1428571428571	0.268247419631503	0.0277342098970542	3.27382576214104
"AT5G17220"	0.237302276653422	1.11022302462516e-16	2.27715744158927e-14	37.7857142857143	0.259274153757092	0.0219718771036707	3.56074836291745
"AT3G16360"	0.236891461944047	5.54223784865471e-07	3.98673393681901e-05	12.4285714285714	0.298505035722634	0.0616135737785864	2.27643514569962
"AT3G22060"	0.234963975934622	2.62978288001481e-06	0.000172046743762348	11.1428571428571	0.303393516411268	0.0684295404766461	2.14849909077306
"AT3G12580"	0.230389126422873	1.9837658249422e-07	1.52068675206933e-05	13.8571428571429	0.285912833048554	0.0555237066256808	2.364399589032
"AT1G32920"	0.226173287197784	0	0	53.2857142857143	0.242493269942616	0.0163199827448312	3.89323327084022
"AT5G05600"	0.223778529425896	4.50240140392744e-07	3.31735186935974e-05	13.5714285714286	0.28041764329853	0.056639113872634	2.30770652406286
"AT5G57560"	0.218879846431172	1.05693231944315e-13	1.67105403588626e-11	32.7142857142857	0.243863800050753	0.0249839536195813	3.28700191424781
"AT5G61600"	0.214169622480304	1.3503582420582e-05	0.000788297592229208	10.8571428571429	0.284333049222246	0.070163426741942	2.01879068423133
"AT3G02040"	0.213679062118475	3.26095512814817e-08	2.79631508107531e-06	17.2857142857143	0.258693973194349	0.0450149110758734	2.52277156906053
"AT3G03820"	0.213478806644912	2.87165515331367e-05	0.00160242580577187	10.1428571428571	0.288404315383089	0.0749255087381771	1.94456387206469
"AT5G20150"	0.21081287671207	2.22044604925031e-16	4.43446449151595e-14	46	0.229315108332122	0.0185022316200513	3.63156021448675
"ATCG00070"	0.210230414707842	3.7267147046105e-07	2.77274881306756e-05	14.9285714285714	0.261951596628001	0.0517211819201584	2.34047310668016
"AT5G56080"	0.209831283681546	1.23685404140872e-08	1.12412997847315e-06	18.8571428571429	0.251306774034047	0.0414754903525008	2.59911861697875
"AT5G48000"	0.209679763700836	4.75064432237104e-13	7.00051257523764e-11	32.7142857142857	0.234663717320417	0.0249839536195813	3.23152109453927
"AT5G54710"	0.209462930743821	0.000119753938743195	0.00592060352522543	8.92857142857143	0.294232615384615	0.0847696846407945	1.79533685161236
"AT3G16530"	0.206829974619037	0	0	95.7142857142857	0.217042342820913	0.0102123682018753	4.40958716114166
"AT1G31258"	0.206434978238682	1.77635683940025e-15	3.41285368460975e-13	43.5714285714286	0.22582680420896	0.0193918259702777	3.54169617323
"AT3G13857"	0.204788380105915	6.71472687674424e-07	4.7847945791185e-05	14.7857142857143	0.256984724533559	0.0521963444276439	2.29966193026109
"AT1G72450"	0.201972212291565	1.49941092875139e-09	1.52738651520729e-07	22.6428571428571	0.236938294815276	0.0349660825237115	2.76048331521037
"AT3G47420"	0.20077891049551	0.00014247874147777	0.00684348841186578	9.21428571428571	0.282998895221718	0.0822199847262087	1.78323541202974
"AT1G13420"	0.200585773050584	1.09795445846217e-07	8.81732950822159e-06	17.3571428571429	0.245425897917896	0.0448401248673118	2.4524252928398
"AT4G14090"	0.197886593017366	8.08295622466426e-05	0.00418713684566396	10	0.273846153846154	0.0759595608287882	1.85006214846429
"AT5G24780"	0.195366563712006	2.04243551944483e-05	0.00115671963858708	11.7142857142857	0.260582071111518	0.0652155073995122	1.99845086075984
"AT5G46890"	0.194029579526321	0	0	85.1428571428571	0.205194325965913	0.0111647464395918	4.19996844621355
"AT5G07690"	0.194015467705733	1.87294895148682e-08	1.65430608050671e-06	20.5	0.232370841532055	0.0383553738263222	2.59892841961134
"AT1G19180"	0.193747294729089	2.23308871394323e-09	2.20089743507989e-07	23.5	0.227530730925932	0.033783436196843	2.75167343203353
"AT2G21650"	0.193565929456628	1.14896980818457e-12	1.61472812487273e-10	35.7857142857143	0.216623715565951	0.0230577861093224	3.23186529063842
"AT1G14960"	0.192529037358465	2.45588646086148e-08	2.14226693695147e-06	20.3571428571429	0.231135734072022	0.0386066967135567	2.58181729670233
"AT4G21870"	0.191048182353019	0	0	69.7857142857143	0.204110492835089	0.0130623104820696	3.96586833905693
"AT5G05250"	0.190153345870397	4.56905385759487e-06	0.000287755599379979	13.9285714285714	0.245405350730795	0.0552520048603973	2.1510679855151
"AT5G24660"	0.184723238108406	0	0	77.1428571428571	0.196782209559987	0.0120589714515818	4.02842103169988
"AT1G31690"	0.183593956801952	4.66002846311042e-08	3.90772994547458e-06	20.8571428571429	0.221336085569525	0.0377421287675736	2.55199097775807
"AT5G09670"	0.180231865174275	5.75077945430547e-06	0.000356266655336524	14.6428571428571	0.232912643572965	0.0526807783986902	2.14444039003364
"AT1G19670"	0.178428507930935	0	0	72.2857142857143	0.191126968923841	0.0126984609929062	3.91180580047233
"AT1G73330"	0.178305514984892	0	0	216.214285714286	0.184242976250685	0.00593746126579333	4.95561961476669
"AT1G53885"	0.177966646349614	1.47871617950379e-07	1.15097200884659e-05	20.0714285714286	0.217086721487628	0.0391200751380144	2.47229043713806
"AT1G65486"	0.177714343626584	1.87469130219498e-08	1.65430608050671e-06	23.2857142857143	0.211785278968839	0.0340709353422551	2.63598885310185
"AT2G34925"	0.176320698551048	0.000138480902966087	0.00669383167267284	10.8571428571429	0.24648412529299	0.070163426741942	1.81270361840141
"AT3G48360"	0.174908620760402	1.16632888413903e-06	7.9383586562611e-05	17.5	0.219403453689168	0.0444948329287656	2.30187652134245
"AT5G14730"	0.174216296494408	1.49404769378414e-05	0.000862230262215044	14	0.229199372056515	0.0549830755621065	2.0595435779452
"AT2G01520"	0.173923368130588	0	0	132.5	0.182006188898321	0.00808282076773319	4.49298484109985
"AT5G26270"	0.173653930347025	1.17819415446085e-07	9.41191098758255e-06	21.1428571428571	0.210920379839299	0.037266449492274	2.50074921991477
"AT1G29395"	0.168156979061328	1.66533453693773e-15	3.24057020533858e-13	66.2857142857143	0.181774787341077	0.0136178082797492	3.73858567529982
"AT1G22400"	0.16802361304047	3.29543237032048e-07	2.46394445895194e-05	20.5	0.206378986866792	0.0383553738263222	2.42779545810657
"AT2G39510"	0.167655720512007	4.99397560886905e-05	0.00270709149255052	13	0.226672735548475	0.0590170150364684	1.94140801345725
"AT1G14250"	0.165295684220516	5.55797367851607e-06	0.000345733297100479	16.5	0.212333121424031	0.0470374372035149	2.17444806858273
"AT2G15480"	0.164562150288771	9.24499086840669e-07	6.40732746121811e-05	19.4285714285714	0.204892533936652	0.0403303836478803	2.34492838031194
"AT2G33830"	0.162915846684737	2.22044604925031e-16	4.43446449151595e-14	80.2857142857143	0.174602262265792	0.0116864155810552	3.90116784747571
"AT1G02930"	0.162301945867911	2.6515700746188e-10	3.04890383277001e-08	35.5	0.185524850075534	0.0232229042076236	2.99799213217337
"AT5G64572"	0.159698142893975	2.22044604925031e-15	4.21274126694016e-13	73.5	0.172228807797321	0.0125306649033458	3.7807916006239
"AT2G44080"	0.158060262892916	0.000199890004142333	0.0093639829718282	11.9285714285714	0.222149896430079	0.0640896335371629	1.79337054303913
"AT1G65490"	0.157594183347192	5.77594851725038e-07	4.13525219786917e-05	21.5	0.194283812455797	0.036689629108605	2.40472147621059
"AT5G64570"	0.157563240561526	3.90106391856548e-06	0.000247742042493669	18.2142857142857	0.200412858959572	0.0428496183980455	2.22562081677453
"AT4G01870"	0.15697142111769	1.2742211730199e-09	1.33380199752386e-07	33.9285714285714	0.181152184103985	0.0241807629862949	2.90527052767697
"AT5G48010"	0.155528641946942	2.84723440380219e-08	2.46944707319484e-06	27.7142857142857	0.184561426457483	0.0290327845105415	2.66834620821693
"AT2G19800"	0.155480779874534	2.8546731645207e-10	3.25776160083423e-08	38.0714285714286	0.177306840732739	0.0218260608582053	3.02212451536532
"AT2G06050"	0.153005392285151	2.13458806186395e-10	2.492213661767e-08	39.9285714285714	0.17393451367997	0.0209291213948191	3.05496058022632
"AT5G01600"	0.149517436084348	0	0	122.785714285714	0.158038634012429	0.0085211979280805	4.21307720966112
"AT5G52310"	0.147852081554988	1.22872767516213e-09	1.2951131009452e-07	37.7142857142857	0.16986075792894	0.0220086763739515	2.94820830480242
"AT3G29250"	0.147467309311345	3.71103592300415e-10	4.11139439703335e-08	41.1428571428571	0.167853751187085	0.0203864418757391	3.04152287535772
"AT4G11460"	0.143932972491721	0.000214232302185757	0.00995053551440711	13.3571428571429	0.201439956708909	0.0575069842171885	1.80854079115115
"AT3G22121"	0.143785877326676	4.88498130835069e-14	7.97249960195127e-12	78.4285714285714	0.155688830597009	0.011902953270333	3.7092739729425
"AT1G78830"	0.140853465696394	2.99563818195736e-10	3.36798491301843e-08	45.5	0.159531085989243	0.0186776202928497	3.09445501403833
"AT1G06360"	0.137433401127234	4.75874895045081e-12	6.5070532945894e-10	63.9285714285714	0.151459596238473	0.0140261951112391	3.43273738091618
"AT2G23000"	0.135959540602181	1.24155415371918e-05	0.000733241593196488	20.0714285714286	0.175079615740195	0.0391200751380144	2.16203007631368
"AT5G42530"	0.133792377507818	3.54233420374328e-10	3.95334915767761e-08	49.7142857142857	0.151102167749017	0.0173097902411982	3.12586421046292
"AT3G51600"	0.133524709055994	0	0	567.214285714286	0.137360927046494	0.00383621799050027	5.16214316812571
"AT3G17998"	0.133515282029431	1.4255263636187e-13	2.2305813553613e-11	88.2857142857143	0.14437306495936	0.0108577829299281	3.73300015828016
"AT5G22140"	0.132244670282433	3.45614250329973e-06	0.00022227682591137	23.7857142857143	0.165652832319499	0.033408162037066	2.30989035117563
"AT1G16410"	0.132163211067681	2.40474307133809e-13	3.61378122146233e-11	87.2857142857143	0.143116266409625	0.0109530553419439	3.70778238706587
"AT2G40610"	0.132157907541381	3.71748787308945e-09	3.61692506011229e-07	42.6428571428571	0.15191665064143	0.0197587431000488	2.94271692161595
"AT4G12470"	0.13161828366209	3.10862446895044e-15	5.68466291442527e-13	123.928571428571	0.14008434074376	0.00846605708166963	4.04846166769308
"AT2G05380"	0.130133089033842	0	0	334.928571428571	0.134866991902836	0.00473390286899441	4.83236338314066
"AT3G45140"	0.129523388554819	1.11022302462516e-16	2.27715744158927e-14	171.142857142857	0.136355099773541	0.00683171121872189	4.31897785630867
"AT2G39800"	0.12933224295426	1.51796954539485e-06	0.000101945760000013	26.6428571428571	0.159430346048521	0.0300981030942602	2.40518178831977
"AT5G44580"	0.127931454274197	2.26374474721069e-13	3.44433725985027e-11	96	0.138120993589744	0.0101895393155465	3.76077188586881
"AT5G26260"	0.12643207126543	3.39889227873869e-11	4.22855631202424e-09	67	0.139931799098651	0.013499727833221	3.3737216214168
"AT1G24530"	0.125183718340938	8.62831713732692e-05	0.00442434451048473	18.1428571428571	0.16819202869175	0.0430083103508118	1.96742197303145
"AT5G46900"	0.124171918789594	0.000107392256671113	0.00539734990647069	17.8571428571429	0.167827692307692	0.0436557735180984	1.94273641705554
"AT5G17000"	0.123756184043876	6.98721053981055e-05	0.00367672965202928	18.9285714285714	0.165084755045595	0.0413285710017193	1.99799551264796
"AT5G20250"	0.122596432740041	9.79386682864458e-10	1.03951965542075e-07	55	0.138486967577877	0.015890534837836	3.12351062842007
"AT1G02920"	0.122017643079383	1.72927097086273e-08	1.54393381151497e-06	43.7857142857143	0.141327005932655	0.0193093628532717	2.87166470820938
"AT5G57080"	0.120635338925133	1.38188829029717e-05	0.000800545819470629	23.7142857142857	0.154136471744252	0.0335011328191192	2.2019264871812
"AT1G51090"	0.120612814714925	7.00075681536738e-05	0.00367672965202928	19.6428571428571	0.160530959949142	0.0399181452342169	2.00773496824711
"AT4G23600"	0.120492902050334	5.4111409797386e-09	5.16542753399198e-07	49.5	0.137866622715108	0.0173737206647731	2.98829457276253
"AT2G39530"	0.120327819080539	1.73487995109856e-05	0.000989925108938868	23.2142857142857	0.154495766954939	0.0341679478743992	2.17685180285005
"AT3G09350"	0.120302346641774	6.05485901347125e-05	0.00321330944428205	20.0714285714286	0.159422421779788	0.0391200751380144	2.02687350335976
"AT1G08115"	0.12001212523297	9.39169019220643e-07	6.45009383426738e-05	31.5	0.145861193480241	0.0258490682472708	2.49641192045426
"AT1G65845"	0.114755641361732	4.54983384301499e-10	4.96815669563177e-08	68	0.128094224114985	0.0133385827532531	3.2635281337003
"AT3G05890"	0.114684632571268	2.55351295663786e-15	4.78484193282092e-13	225.428571428571	0.120483300347112	0.00579866777584388	4.3769679005203
"AT1G62560"	0.114650250790098	4.71860817752301e-07	3.45985675934513e-05	36.4285714285714	0.137345991186822	0.0226957403967238	2.59732134329386
"AT1G75040"	0.113515730800749	0.000178524584766637	0.00841505014778888	19	0.154698487108459	0.0411827563077106	1.9093467918592
"AT2G37130"	0.112316240813906	2.02343375388381e-09	2.0072991840816e-07	62.6428571428571	0.126578146288754	0.0142619054748481	3.14978969267731
"AT2G03760"	0.109691172065177	0.000120714450295156	0.00594871404733728	21.0714285714286	0.147075332022186	0.0373841599570091	1.97605627278062
"AT2G38530"	0.109315118251756	6.72240041410532e-13	9.81082629666256e-11	145.928571428571	0.116888051513861	0.00757293326210508	3.94813143780993
"AT4G12480"	0.108940218341233	4.66293670342566e-15	8.32635920995231e-13	278.642857142857	0.114116912262058	0.00517669392082489	4.46233778698197
"AT5G13740"	0.108391140791845	2.66731527198694e-07	2.00917739106142e-05	42.7142857142857	0.128121093121485	0.0197299523296397	2.69904863684264
"AT2G42840"	0.108368614411351	8.10462807976364e-15	1.43037261621689e-12	264.928571428571	0.113681702954144	0.00531308854279339	4.41930550565889
"AT2G01530"	0.107664876626393	7.2659656069618e-12	9.67393210372511e-10	119.785714285714	0.116335825354934	0.00867094872854113	3.74596177567944
"AT3G15450"	0.107631939639918	1.93617544219649e-09	1.93337308300383e-07	69.5	0.120737499651635	0.0131055600117167	3.20362292217371
"AT3G28740"	0.107608011453006	0.000173141920355557	0.00818675410329174	20.6428571428571	0.145715540909564	0.038107529456558	1.93500676731923
"AT3G24480"	0.107330116972297	2.34084229078224e-06	0.000154475236041273	34.7857142857143	0.130977683229453	0.0236475662571559	2.46955739949824
"AT2G31730"	0.10717029613091	0.000148536558966406	0.00711194918609497	21.2142857142857	0.144319827821511	0.037149531690601	1.9578535932383
"ATCG00140"	0.105323778496676	7.72428500364075e-05	0.00403783970629369	23.7857142857143	0.138731940533742	0.033408162037066	2.05402746094107
"AT5G50562"	0.103964605120888	1.361691579016e-05	0.000791867999475282	30.1428571428571	0.130863049934949	0.0268984448140611	2.2824631320196
"AT4G17245"	0.102724676109884	3.60950194844278e-06	0.00023116042436061	35.8571428571429	0.125741593845275	0.0230169177353903	2.44969539942453
"AT4G12510"	0.102541844240937	1.30118138486068e-12	1.81186523480876e-10	175.857142857143	0.109258555450585	0.00671671120964833	4.02384744320091
"AT4G12545"	0.102004365334473	2.97743532051697e-08	2.5676996190231e-06	60.2857142857143	0.116724518939204	0.0147201536047316	2.98724301166152
"AT2G43530"	0.101901859093031	6.76321456616336e-08	5.64022366402348e-06	55.5714285714286	0.117655132517577	0.0157532734245462	2.9008407099781
"AT2G43535"	0.101328533321758	6.71340760760586e-12	9.01735404143732e-10	150.785714285714	0.108739404613737	0.00741087129197917	3.87508785443603
"AT2G28790"	0.100988422987473	3.71299863077823e-08	3.13568233608372e-06	60.2857142857143	0.115708576592205	0.0147201536047316	2.97463117326104
"AT1G03850"	0.100701363747441	0.000141168432872374	0.00680207769567267	23.5	0.134484799944284	0.033783436196843	1.99305514154612
"AT1G70850"	0.100368107698787	1.11155529225471e-12	1.57674637624691e-10	198.428571428571	0.106609926098751	0.00624181839996446	4.09423157473829
"AT5G51720"	0.1002393056861	3.37641026249003e-12	4.65883226946124e-10	171.928571428571	0.107051412277877	0.00681210659177693	3.97405900878285
"AT3G03190"	0.100050948361683	9.90761016494979e-06	0.000592038216864598	33.4285714285714	0.1245553701175	0.0245044217558168	2.34567321550385
"AT2G33770"	0.0987092460998593	7.61801190241052e-07	5.32839560621137e-05	45.9285714285714	0.117236299444988	0.0185270533451285	2.66171398553967
"AT3G22120"	0.0979995277842764	8.87845352792738e-13	1.27129403440454e-10	232.214285714286	0.103703025916582	0.0057034981323059	4.18446714010861
"AT5G47500"	0.0970105084588448	1.65982672051257e-10	1.9681914034328e-08	120.714285714286	0.105634310369439	0.00862380191059391	3.61461065300187
"AT1G21100"	0.0966326680310255	9.9280192008111e-05	0.0050229158476637	26.3571428571429	0.127029483761588	0.0303968157305622	2.06317128310566
"AT1G52070"	0.0962738506643979	5.38520161685874e-07	3.91084163352545e-05	50.2142857142857	0.11343659183743	0.0171627411730324	2.72453419451274
"AT5G45670"	0.0955683163123233	3.13759512526879e-06	0.000203514610304828	41.6428571428571	0.115740500801506	0.0201721844891827	2.52045456161252
"AT5G54370"	0.095339139937351	0.000130061224928091	0.00630693058133726	25.9285714285714	0.126196368119734	0.030857228182383	2.03199001111765
"AT1G55860"	0.0944148826107976	0.000153555391578242	0.0073291312370269	25.7142857142857	0.125508072174739	0.0310931895639412	2.01310963332697
"AT2G40330"	0.0938875079843459	6.89662466765162e-05	0.00364728115699011	29.0714285714286	0.121683615541109	0.0277961075567635	2.13018015147533
"AT5G15780"	0.0930142963256376	1.30474021642346e-06	8.84077991289076e-05	48.7142857142857	0.110627240510884	0.0176129441852468	2.65099867830563
"AT3G30775"	0.0913557063327206	9.05176562593368e-08	7.39373241478245e-06	69.2142857142857	0.104504872939345	0.0131491666066241	2.99052694544374
"AT3G02020"	0.0910232316628777	2.67396121356178e-07	2.00917739106142e-05	61.5	0.10550293120192	0.0144796995390422	2.86517951087117
"AT3G58990"	0.090661050545051	5.47139478168646e-09	5.19030187477731e-07	98.6428571428571	0.100645691927183	0.00998464138213211	3.33343099834706
"AT3G16670"	0.0900514596278826	2.26635155087251e-10	2.62585372817886e-08	153	0.0973918644045518	0.00734040477666923	3.72986973647681
"AT2G16660"	0.0893647364238522	2.62556585599594e-05	0.00147595698378912	36.1428571428571	0.112219796014262	0.0228550595904102	2.29574170986284
"AT1G78370"	0.0889818524163	3.90909526970518e-13	5.81688705917502e-11	614.214285714286	0.092719025636295	0.00373717321999503	4.63284606538681
"AT1G57990"	0.0885727336857134	0.00021437772520827	0.00995053551440711	27.1428571428571	0.118163221819732	0.0295904881340181	1.99757566705375
"AT1G49860"	0.0880227169182801	1.40262723657969e-09	1.43845109437882e-07	129.642857142857	0.0962276524710785	0.00820493555279834	3.55188762683295
"AT5G08790"	0.0879817396589126	4.17224445947717e-06	0.000263859693358102	47.3571428571429	0.106026585132255	0.0180448454733419	2.55476735794828
"AT4G24350"	0.087583695683001	1.44101831245358e-07	1.12741113125878e-05	72.7142857142857	0.100222294601659	0.0126385989186576	2.98729502976682
"AT5G15970"	0.0872678398945235	8.60456150775235e-12	1.13565247447535e-09	318	0.0921184349450636	0.00485059505054009	4.24725625352281
"ATCG00340"	0.0869820072729536	3.43215967879562e-06	0.000221673700445787	49.7142857142857	0.104291797514152	0.0173097902411982	2.59096554779258
"AT5G63660"	0.0847944086883795	7.78683021407378e-06	0.000472754035956847	47.0714285714286	0.102933354210753	0.0181389455223734	2.5045480497746
"AT5G23010"	0.0837141819220478	5.55867130103138e-10	6.02639378621816e-08	183.285714285714	0.090261686476715	0.00654750455466719	3.78509667127709
"AT1G74670"	0.0834991667851139	1.7776801142233e-09	1.78686283269412e-07	153.571428571429	0.0908217165203644	0.00732254973525056	3.63261931166375
"AT1G55450"	0.0832980622349085	4.80145178116675e-06	0.000301142293944417	52.1428571428571	0.0999200311791792	0.0166219689442707	2.58768264141475
"AT1G78850"	0.0825680083575311	1.14224996128343e-08	1.05073150983999e-06	121.142857142857	0.0911702939726703	0.00860228561513923	3.40577188956963
"AT5G19240"	0.0817411016550496	1.03294325158876e-05	0.000614824026377026	48.8571428571429	0.0993099783496829	0.0175688766946332	2.4989167300643
"ATCG00350"	0.0812528278706939	2.43498922528618e-05	0.00137391325135292	43.7857142857143	0.100562190723966	0.0193093628532717	2.38071551808883
"AT5G08000"	0.080731776480871	3.87704819349022e-05	0.00213209556089835	41.4285714285714	0.100995152291228	0.0202633758103574	2.31733959869004
"AT4G39940"	0.0795404361407801	1.7054379242154e-08	1.53166490022138e-06	130.428571428571	0.0877112567950399	0.00817082065425981	3.4242091179255
"AT4G11320"	0.0779882495934828	1.36132938255429e-09	1.40559573934755e-07	222.642857142857	0.0838276666185526	0.00583941702506981	3.84353022116393
"AT5G25090"	0.076521983031852	3.53515972618679e-05	0.00195827205562274	46.7857142857143	0.0947561779168329	0.0182341948849809	2.37757350710009
"AT1G17190"	0.0762576149342205	0.000121712969241017	0.0059785095376704	38.7142857142857	0.0977634584747778	0.0215058435405572	2.18456660240978
"AT4G21990"	0.0760004868609962	3.47319941695901e-08	2.96158543542718e-06	138	0.0838624723312814	0.00786198547028522	3.41505975995335
"AT3G01290"	0.0739275905547933	2.40725401268183e-06	0.00015817013595015	76.5714285714286	0.0860575852082869	0.0121299946534936	2.82672344399965
"AT5G25980"	0.0732416406326118	4.17852019651832e-09	4.03959105367867e-07	250.571428571429	0.0787135137978755	0.00547187316526364	3.84650464876181
"AT4G18440"	0.0723919356252598	4.90251381149998e-05	0.00266703780039235	49.9285714285714	0.0896383442018838	0.017246408576624	2.37782003591614
"AT1G48330"	0.0722287199353464	0.000155651041334526	0.00740586678801076	41.2857142857143	0.0925534158613265	0.0203246959259801	2.18705246793811
"AT3G08520"	0.0722205403522714	3.55696583298482e-11	4.38923800106045e-09	32426.2857142857	0.0747850441624443	0.00256450381017298	4.86599816265371
"AT5G37990"	0.0712923474636072	0.000124218199453963	0.00608188332681369	44.0714285714286	0.090493006910345	0.0192006594467377	2.23665044721208
"AT4G12030"	0.0706653287189866	9.50328350901586e-06	0.000572384274205725	69.1428571428571	0.0838254532845066	0.01316012456552	2.67121523459749
"AT5G35735"	0.0706199625380475	6.47636062578449e-06	0.000396363716040956	73.7857142857143	0.0831119486320692	0.0124919860940218	2.73405303322576
"AT1G66270"	0.0690548404884773	2.23745989080815e-06	0.000148297669094699	94.1428571428571	0.0793952444473651	0.0103404039588878	2.94076004939508
"AT3G25770"	0.0675737354896976	1.0503033553988e-08	9.72042946844081e-07	341.214285714286	0.0722672574581947	0.00469352196849701	3.94459932796563
"AT1G17170"	0.0665297424559929	1.57865982811645e-05	0.000904184863062318	74.1428571428571	0.078973799245108	0.0124440567891151	2.66591721290753
"AT3G16660"	0.0659260524174083	9.36852479593853e-07	6.45009383426738e-05	129.642857142857	0.0741309879702066	0.00820493555279834	3.17551283185113
"AT4G36500"	0.0655334639255265	5.55859996608232e-05	0.00299178830798573	61.2857142857143	0.0800549041538821	0.0145214402283556	2.46280523865436
"AT2G40300"	0.0654936755995718	9.89872924904711e-05	0.0050229158476637	55.1428571428571	0.0813496283844481	0.0158559527848763	2.3591111838438
"AT2G43100"	0.0651653875344855	2.37167294026008e-07	1.80890713001344e-05	183.5	0.0717082144221703	0.00654282688768479	3.45415238905755
"AT5G44130"	0.0650297306183446	5.4738977681712e-06	0.000341904610392191	96.2857142857143	0.0751965765305673	0.0101668459122227	2.88679480445021
"AT2G46650"	0.0635225534123018	2.22599800325796e-06	0.000148185077602848	124.785714285714	0.0719479176855941	0.00842536427329229	3.09414196500207
"AT1G03870"	0.0628772284547029	1.35342122953297e-06	9.12987885415618e-05	144.642857142857	0.0704948823467342	0.00761765389203133	3.2100998816053
"AT5G42650"	0.0625637081179469	7.10555744798391e-07	5.03963322175233e-05	171.714285714286	0.0693811436334298	0.00681743551548289	3.34724256705745
"AT2G01020"	0.0623707689640153	5.92217763717429e-09	5.54856865290317e-07	1563.92857142857	0.0653820754233898	0.00301130645937449	4.44043373019848
"AT1G62380"	0.061870083781657	9.19063605220316e-08	7.4305717892292e-06	331.071428571429	0.0666295249862661	0.00475944120460908	3.807297503436
"AT5G53250"	0.0609578593825325	9.08985161565123e-05	0.004629723752428	66.7142857142857	0.0745045159756585	0.013546656593126	2.45939104637201
"AT1G67865"	0.0600685854487742	5.78314734929197e-05	0.00310164701298776	76.1428571428571	0.0722525470755779	0.0121839616268037	2.56806514377062
"AT1G08930"	0.0579324729300053	0.000116211657810172	0.00576425013804836	72.4285714285714	0.0706109011840604	0.0126784282540551	2.47751502400973
"AT1G44800"	0.0574555603832478	4.29109589984433e-05	0.00234281487654091	92.5714285714286	0.067928346992133	0.0104727866088852	2.69736838023564
"AT1G45145"	0.0566749084601992	3.80546814567895e-05	0.00210034165509509	99.4285714285714	0.0666007347784993	0.00992582631830019	2.74627897829486
"AT5G17170"	0.0553875441897036	1.17138998594335e-05	0.000694506140884694	145.214285714286	0.0629852244801741	0.00759768029047056	3.05138252073919
"AT4G04830"	0.0550595464484282	5.95509192502508e-06	0.000367424330235897	180.571428571429	0.0616672623963122	0.00660771594788399	3.22228122725722
"AT2G38310"	0.0542002816006395	1.32871190129391e-05	0.000778655955128918	154.142857142857	0.0615051086766135	0.00730482707597402	3.07378422089281
"AT4G39800"	0.0538817606742372	0.000182713651126987	0.00858584457215295	79.9285714285714	0.0656090366359253	0.0117272759616882	2.48402659778874
"AT1G29418"	0.0538674224238624	0.00016810651247734	0.00797350201994081	81.6428571428571	0.0654018288093556	0.0115344063854932	2.50338721978776
"AT1G19550"	0.053736980985495	0.000112029495191956	0.00557502845253612	90.9285714285714	0.06435306001929	0.010616079033795	2.59975773459823
"AT1G21130"	0.0519000553397556	2.66765199884444e-05	0.00149408199403915	152.642857142857	0.0592516874032318	0.00735163206347613	3.01071977134115
"AT3G05730"	0.0516138253197395	9.24435982652128e-07	6.40732746121811e-05	745.928571428571	0.0551399334089724	0.00352610808923287	3.96694892025703
"AT1G76680"	0.0515967816833807	8.73700808512456e-06	0.000528327923171397	227.5	0.0573657956582724	0.00576901397489166	3.31379412337198
"AT4G38080"	0.0510504133222286	4.28311332701936e-05	0.00234281487654091	142.285714285714	0.0587521541215837	0.007701740799355	2.93138527298598
"AT5G53460"	0.0509477920278171	5.88439564934706e-05	0.00313380200581718	130.571428571429	0.0591124540844195	0.00816466205660241	2.85599703850273
"AT3G19710"	0.0508425296941294	1.99551527025887e-05	0.00113437942966252	184.857142857143	0.0573559831948925	0.00651345350076308	3.13844940820605
"AT4G30650"	0.0506436472987759	2.8235808575694e-06	0.000183932662043727	440.071428571429	0.0548538229194132	0.00421017562063736	3.70363985032585
"AT2G43550"	0.0501101517830472	1.56966544370141e-05	0.000902438716079544	218.142857142857	0.0560175930195345	0.00590744123648732	3.2452747162384
"AT2G46600"	0.0490190407609145	0.000202117027321091	0.00943917612516777	105.214285714286	0.0585388242565706	0.0095197834956561	2.62039310130022
"AT1G70830"	0.0484448671834027	0.000127489588075069	0.00621764367897711	126.428571428571	0.056793779172406	0.00834891198900332	2.76607280853834
"AT3G20370"	0.0470993244775087	5.82802545262551e-05	0.00311471022253345	188.357142857143	0.0535389789778309	0.00643965450032217	3.05553443393111
"AT3G09390"	0.0455003637365507	1.32143292872478e-05	0.000777391821402505	546.285714285714	0.0493861693564134	0.00388580561986269	3.66782143053098
"AT1G54010"	0.0453670900366105	0.000111541482389566	0.00556900203851587	178.428571428571	0.0520236352905691	0.00665654525395863	2.96632169685203
"AT1G31580"	0.0445205172475019	8.00535584158935e-05	0.00416114010149463	228.928571428571	0.0502693929910083	0.00574887574350639	3.12832851470477
"AT3G02470"	0.0440636241492247	7.74154272322747e-05	0.00403783970629369	248.928571428571	0.0495548345448203	0.00549121039559558	3.17382971860302
"AT1G21310"	0.0417528121340274	8.95411083893238e-05	0.00457594256947191	350.357142857143	0.0463901847803315	0.00463737264630411	3.32244002528502
"AT2G45180"	0.0407356661926008	3.12867829146413e-05	0.00173945344717372	2105.5	0.0436262234273921	0.00289055723479132	3.91577604596618
