"Gene"	"effect.size"	"p.value"	"q.value"	"Mean"	"CV2"	"TechNoise"	"BioVar"
"AT5G66400"	3.75441183106793	0	0	6.71428571428571	3.82017620224954	0.0657643711816103	5.86018917832169
"AT5G45428"	2.073808255741	0	0	27.0714285714286	2.09263050564629	0.0188222499052865	6.79673469818802
"AT2G43620"	1.64300142296779	0	0	6.85714285714286	1.70746527777778	0.0644638548099929	4.72722196934691
"AT3G50480"	1.43283284510263	0	0	5	1.52	0.0871671548973718	4.12414289212396
"AT5G48850"	1.32369610134088	0	0	12.2857142857143	1.36115155801473	0.0374554566738444	5.18350799098583
"AT5G47990"	1.24077059175957	0	0	14.7857142857143	1.27245766439213	0.0316870726325617	5.32757946290076
"AT2G24940"	1.18650289582364	0	0	11.2142857142857	1.22721783065002	0.0407149348263799	4.91368944630855
"AT5G09670"	1.15989878356775	0	0	10.8571428571429	1.20184317067974	0.0419443871119854	4.84062707395382
"AT1G77120"	1.14243941235921	0	0	29.9285714285714	1.15978360359516	0.0173441912359486	6.06325926828948
"AT5G03545"	1.13664419552488	0	0	17.5714285714286	1.16383715431901	0.0271929587941269	5.41951226253982
"AT5G45430"	1.08758794579575	0	0	29.2857142857143	1.10523955520981	0.0176516094140652	5.96841556075271
"AT1G55010"	1.08625805748708	0	0	4.92857142857143	1.17464010469682	0.0883820472097399	3.73232164132813
"AT5G20790"	1.06541006548421	0	0	10.9285714285714	1.10710213363039	0.0416920681461814	4.73087157196378
"AT1G13609"	1.01636703179019	0	0	49.6428571428571	1.02814968169349	0.0117826499033078	6.44724246630092
"AT4G31940"	1.00267951817749	0	0	4.64285714285714	1.09629494765589	0.0936154294784025	3.54974585251548
"AT5G27889"	0.993571101688154	0	0	9.78571428571429	1.03974229191343	0.0461711902252715	4.49308925601885
"AT5G48000"	0.973175625203644	0	0	18.7857142857143	0.998826730961069	0.0256511057574249	5.2831415083116
"AT1G14960"	0.948880102570733	0	0	11.1428571428571	0.989834622970718	0.0409545203999851	4.595092901644
"AT2G19800"	0.918075432607843	0	0	30.1428571428571	0.935320065034133	0.01724463242629	5.76124085460185
"AT1G31258"	0.906843236419257	0	0	28.0714285714286	0.925113941022105	0.0182707046028478	5.66202688797224
"AT4G39675"	0.905561693073419	0	0	7.5	0.964786324786325	0.0592246317129054	4.02594023088845
"AT2G42540"	0.881455530968017	0	0	410.071428571429	0.885817225677733	0.00436169470971692	7.66597644780658
"AT2G43020"	0.88040267501117	0	0	5.5	0.959949141767324	0.0795464667561537	3.59308821729335
"AT2G41240"	0.872130038012548	0	0	24.2857142857143	0.892728240617514	0.0205982026049666	5.43763070621855
"AT5G09672"	0.825683084942126	0	0	9	0.875593542260209	0.0499104573180833	4.13284728619432
"AT3G02480"	0.782762382854681	0	0	12.0714285714286	0.820823446711896	0.0380610638572149	4.43068414939633
"AT4G36670"	0.763063045415252	0	0	5.85714285714286	0.837962751109688	0.0748997056944353	3.48385416008105
"AT4G17245"	0.761159985339156	0	0	10.1428571428571	0.805823020462973	0.0446630351238173	4.17330982099697
"AT3G18000"	0.761088137652293	0	0	20	0.785384615384615	0.0242964777323224	5.01458025168058
"AT1G43800"	0.760304169772464	0	0	12.5714285714286	0.796984265734266	0.0366800959618018	4.44148192404194
"AT3G56970"	0.759751301414235	0	0	18.4285714285714	0.785834800978122	0.0260834995638871	4.91301670869828
"AT4G11460"	0.747434832089629	0	0	7.71428571428571	0.805107101403398	0.0576722693137684	3.80323101771892
"AT1G01580"	0.746713892975165	0	0	7.64285714285714	0.804893944382109	0.058180051406944	3.79020222495411
"AT1G27020"	0.74643728380594	0	0	22.1428571428571	0.7687056751781	0.0222683913721595	5.10936207023763
"AT2G18193"	0.739125165432406	1.11022302462516e-15	1.08693717806971e-13	4.42857142857143	0.837108780917313	0.0979836154849071	3.09480267928384
"AT3G49580"	0.738731996731289	0	0	18.0714285714286	0.765264980765926	0.0265329840346364	4.85010053946893
"AT3G22231"	0.718011931188947	0	0	205.785714285714	0.723388284970524	0.00537635378157692	7.0719983487282
"AT4G19690"	0.714779175809367	0	0	34.0714285714286	0.730420500920086	0.0156413251107188	5.54529261242436
"AT4G19112"	0.683400959346526	0	0	12.5714285714286	0.720081055308328	0.0366800959618018	4.29508999302625
"AT2G05540"	0.660670969568327	0	0	7.85714285714286	0.717355371900826	0.0566844023324994	3.6616642821078
"AT1G25472"	0.656089725807898	2.22044604925031e-16	2.2318443389698e-14	5.35714285714286	0.737668376068376	0.0815786502604785	3.17670884578759
"AT3G44006"	0.634597037901642	4.77395900588817e-15	4.498561245736e-13	5.07142857142857	0.720583522805304	0.0859864849036619	3.06698383852148
"AT5G38930"	0.634043549438065	0	0	9.71428571428571	0.680529677934522	0.0464861284964575	3.87178589508361
"AT5G04150"	0.616963193149305	3.10418357685194e-13	2.5298257182809e-11	4.57142857142857	0.711989182692308	0.095025989543003	2.9054612737499
"AT4G33070"	0.610323509836542	0	0	14.4285714285714	0.642712252946544	0.032388743110002	4.31060858824937
"AT3G15356"	0.602610371349862	0	0	24.7857142857143	0.622860417410659	0.0202500460607967	4.94291179783733
"AT5G42800"	0.59622109403606	0	0	171.571428571429	0.602003614379507	0.00578252034344721	6.70192990220001
"AT5G48010"	0.592557464343878	0	0	17.2857142857143	0.620144693773544	0.0275872294296666	4.49053238812959
"AT1G15125"	0.591256763634797	0	0	16.2857142857143	0.620332883490778	0.0290761198559811	4.4151359406283
"AT4G27450"	0.589403268541748	0	0	7.21428571428571	0.650841169417779	0.0614379008760314	3.40510468255605
"AT5G59330"	0.587864477790454	0	0	11.3571428571429	0.628109282434665	0.0402448046442112	3.96414113284588
"AT3G18217"	0.586706571895333	0	0	6.5	0.654528903049613	0.0678223311542797	3.27062462300334
"AT2G42530"	0.58504569777184	0	0	448.714285714286	0.589319369373173	0.00427367160133302	7.10742982204244
"AT4G22485"	0.582857815663255	0	0	11.5714285714286	0.622419190320425	0.0395613746571698	3.97572207986818
"AT2G43018"	0.57613242237863	0	0	13.5714285714286	0.610355849137013	0.0342234267583828	4.15659447895307
"AT5G03350"	0.571699887427674	0	0	15.5714285714286	0.60195658226127	0.0302566948335962	4.31433312763315
"AT4G10270"	0.570343936187362	0	0	10.7857142857143	0.612543984238208	0.0422000480508464	3.85949689500818
"AT2G01520"	0.563741090986077	0	0	56.6428571428571	0.574480335685331	0.0107392446992538	5.74129307467194
"AT3G15450"	0.545814877226905	0	0	16.5	0.574556756374938	0.028741879148033	4.32122311989877
"AT2G16060"	0.545075390197805	0	0	63.5	0.555015571569605	0.00994018137179934	5.80311226228127
"AT5G51720"	0.5223710167375	0	0	72.5	0.53149181377481	0.00912079703731051	5.86474375839333
"AT3G28220"	0.519517201213526	0	0	13.1428571428571	0.554747709757162	0.0352305085436354	3.97693460131394
"AT4G22513"	0.51552903294954	0	0	111.928571428571	0.522613308701131	0.00708427575159098	6.20497968480007
"ATCG01020"	0.507948395532823	0	0	24.7857142857143	0.52819844159362	0.0202500460607967	4.70508295028659
"AT4G21870"	0.506897447219206	0	0	25.8571428571429	0.526446783581792	0.0195493363625857	4.7510961637032
"AT3G22235"	0.497974655878034	0	0	69.2857142857143	0.507363653457819	0.00938899757978494	5.75590522485311
"AT1G13420"	0.497166371210358	0	0	9.14285714285714	0.546349158653846	0.0491827874434878	3.47359783033862
"AT4G22510"	0.495396500584033	1.22124532708767e-15	1.18030229464749e-13	7.14285714285714	0.557415384615385	0.062018884031352	3.16797334982451
"AT5G39890"	0.491954053444917	1.0991207943789e-14	1.01045391566163e-12	6.71428571428571	0.557718424626528	0.0657643711816103	3.08415883283249
"AT2G14247"	0.488712872920589	0	0	72.0714285714286	0.497868047827236	0.00915517490664651	5.76503217036884
"AT4G16690"	0.4883906865972	3.78586051397178e-14	3.35761288053839e-12	6.5	0.556213017751479	0.0678223311542797	3.03580523238277
"AT4G22490"	0.482442189832418	0	0	109.857142857143	0.489597074180772	0.00715488434835361	6.096522678925
"AT5G04790"	0.481514615830664	0	0	10.1428571428571	0.526177650954481	0.0446630351238173	3.55839677282083
"AT4G22520"	0.477808144854365	0	0	40.9285714285714	0.491388445501545	0.0135803006471802	5.17727661047495
"AT4G22517"	0.468601652221062	0	0	78.4285714285714	0.477285435988294	0.00868378376723123	5.78038470186035
"AT1G78830"	0.464976524597696	0	0	22.7142857142857	0.486768719591788	0.0217921949940919	4.48135303881486
"AT3G48360"	0.460951880434386	0	0	48	0.473023504273504	0.0120716238391184	5.29222021072856
"AT5G14120"	0.460857415618112	0	0	26.5714285714286	0.479971005985574	0.0191135903674617	4.65027654831362
"AT1G25470"	0.458491155243768	1.77635683940025e-15	1.69507164985048e-13	7.78571428571429	0.515664959566988	0.0571738043232198	3.1730078199866
"AT5G18600"	0.456771537955983	0	0	10.2857142857143	0.500860636277303	0.0440890983213194	3.50591535412009
"AT1G75750"	0.449120728394442	0	0	137.571428571429	0.455507006297468	0.0063862779030266	6.15635410043709
"AT4G22505"	0.443307566541949	0	0	19.2142857142857	0.468461017568962	0.0251534510270133	4.21910074574844
"AT1G08090"	0.439700592113644	2.04281036531029e-14	1.83330070701091e-12	7.57142857142857	0.498398006407974	0.0586974142943306	3.08592944054072
"AT1G52000"	0.434476657047949	0	0	11.7142857142857	0.473596302567153	0.039119645519204	3.5976926151381
"AT3G29250"	0.431399278239069	0	0	21.6428571428571	0.454104968760395	0.0227056905213256	4.32190000511835
"AT1G61800"	0.423339441167531	0	0	16.3571428571429	0.452303174409923	0.0289637332423916	3.96497064750191
"AT5G40590"	0.417160345351794	1.08180131519475e-12	8.40738063360375e-11	7	0.480376766091052	0.0632164207392577	2.92579511683998
"AT3G02550"	0.416449736256185	5.11812814352197e-14	4.4863963965047e-12	7.85714285714286	0.473134138588684	0.0566844023324994	3.06122554796865
"AT1G47400"	0.413570840174126	0	0	99.8571428571429	0.421107800245379	0.00753696007125299	5.8040630391017
"AT5G44568"	0.409572846697942	1.53683887837985e-09	8.45654006180039e-08	5.21428571428571	0.49329503298353	0.0837221862855883	2.55876886970172
"AT4G12550"	0.404196970846915	0	0	16.4285714285714	0.433049294750618	0.0288523239037028	3.90777182857368
"AT1G05340"	0.400998952915922	1.18793863634892e-13	1.00058943129791e-11	8	0.456730769230769	0.0557318163148471	3.03477090796391
"AT2G28630"	0.395333214270787	3.36850769500074e-10	2.07293838847046e-08	5.85714285714286	0.470232919965222	0.0748997056944353	2.65034358742618
"AT4G26055"	0.393028479988529	1.84591009144697e-09	1.0047215324457e-07	5.42857142857143	0.473577668868528	0.0805491888799982	2.55565908721264
"AT4G33560"	0.391154751715202	0	0	21.1428571428571	0.41431842445356	0.0231636727383576	4.16080405292062
"AT4G22880"	0.388745801356699	0	0	127.928571428571	0.395361729452619	0.00661592809592012	5.90108586151759
"AT5G64120"	0.384126220020594	0	0	52.3571428571429	0.395471166713459	0.0113449466928648	5.12345077825313
"AT3G57520"	0.384115547482337	0	0	70.6428571428571	0.3933883278402	0.00927278035786337	5.40680835951235
"AT3G61898"	0.38336483427904	1.17997106530154e-08	5.54218808459544e-07	5.07142857142857	0.469351319182702	0.0859864849036619	2.44848638992663
"AT1G19070"	0.382245035302898	1.40859879316224e-10	9.11478283455241e-09	6.35714285714286	0.451516416924825	0.069271381621927	2.70444709050051
"AT5G15120"	0.380659597508391	2.770783602557e-12	2.06807447404713e-10	7.57142857142857	0.439357011802722	0.0586974142943306	2.90402486138181
"AT1G63245"	0.380306275662624	4.28190927159733e-10	2.57204566087143e-08	6.07142857142857	0.452680330050572	0.0723740543879484	2.64494812106663
"AT4G22870"	0.377229321231756	0	0	48.6428571428571	0.38918554368107	0.0119562224493147	5.0246245728355
"AT1G26250"	0.376658839113583	1.11022302462516e-16	1.12341158001835e-14	11.2142857142857	0.417373773939963	0.0407149348263799	3.35770995221939
"AT5G20250"	0.369825329290419	0	0	31.5714285714286	0.386440774065925	0.0166154447755064	4.53965050569786
"AT3G56980"	0.364659432580488	0	0	21.0714285714286	0.387890305615097	0.0232308730346097	4.06153344172801
"AT5G58390"	0.363785149119455	6.59710064354613e-11	4.38169543624427e-09	7	0.427001569858713	0.0632164207392577	2.75587011539767
"AT3G45730"	0.35883763772124	4.96103158553751e-11	3.33917291139058e-09	7.21428571428571	0.420275538597272	0.0614379008760314	2.7741346593572
"AT1G73120"	0.351062333493412	9.96053017843224e-10	5.68844369319026e-08	6.42857142857143	0.41960113960114	0.0685388061077275	2.61402562958602
"AT5G44572"	0.350488112911706	6.13322292952745e-09	3.02191510158449e-07	5.85714285714286	0.425387818606141	0.0748997056944353	2.50574676592989
"AT3G05727"	0.347063872862468	0	0	225.285714285714	0.352263930580803	0.0052000577183347	6.08198531343904
"AT3G49570"	0.340164877351947	0	0	16.2142857142857	0.369354374011945	0.0291894966599988	3.66148442408996
"AT1G43310"	0.333406180491273	1.43218770176645e-14	1.29299963949298e-12	11.0714285714286	0.374603377891619	0.0411971974003464	3.18474580786324
"AT3G25572"	0.328971768723062	3.45723449868274e-12	2.54266948959218e-10	9.07142857142857	0.378515526261822	0.0495437575387596	2.93357728315844
"ATCG00070"	0.328221611082231	0	0	18.2857142857143	0.354482797475962	0.0262611863937302	3.75471161829818
"AT5G46900"	0.327317134190413	2.17312404737768e-07	8.90331284301993e-06	5.14285714285714	0.412155745489079	0.0848386112986662	2.28039669523455
"AT4G12490"	0.324250367071273	0	0	30.0714285714286	0.34152802811296	0.0172776610416875	4.30502414932866
"AT5G22920"	0.320112448699506	4.84057238736568e-13	3.86144496742394e-11	10.2142857142857	0.364486508650037	0.0443740599505317	3.03807695271722
"AT3G47420"	0.320050272063337	8.34242119829298e-10	4.78245948314309e-08	7.28571428571429	0.380918581610623	0.0608683095472858	2.64571946127435
"AT2G05380"	0.318935445016636	0	0	286.357142857143	0.323738719527168	0.00480327451053236	6.07466785167247
"AT1G22400"	0.317901053922176	1.77635683940025e-15	1.69507164985048e-13	12.7857142857143	0.354022370376417	0.0361213164542405	3.29291814745321
"AT5G26260"	0.317755606464579	0	0	34.4285714285714	0.333269320166929	0.0155137137023501	4.42507252520962
"AT3G16530"	0.317440424499449	0	0	72.2142857142857	0.32658409477788	0.00914367027843153	5.15853733981103
"AT5G46890"	0.31695200326308	0	0	23.5	0.338127241703521	0.0211752384404405	3.99711613369547
"AT5G61590"	0.316389847113083	0	0	26.5714285714286	0.335503437480545	0.0191135903674617	4.1336568379245
"AT5G54060"	0.31576770915007	0	0	54.2857142857143	0.326828254847645	0.0110605456975752	4.88503824113318
"AT3G02040"	0.315445090525731	0	0	14.9285714285714	0.34686089533735	0.0314158048116183	3.46479475745912
"AT3G46700"	0.311419491310246	4.97470735716377e-08	2.19308955625608e-06	6	0.384615384615385	0.0731958933051386	2.39358185892032
"AT2G15128"	0.306376099470463	1.5887291482386e-13	1.3161137015381e-11	11.3571428571429	0.346620904114674	0.0402448046442112	3.1064842062571
"AT5G19120"	0.303972978937947	6.66133814775094e-15	6.23807423935658e-13	13	0.339553937187073	0.0355809582491261	3.25446349051465
"AT4G30140"	0.30381361904547	0	0	52.4285714285714	0.315147659251484	0.0113340402060134	4.79729381675133
"AT3G29590"	0.293591233902505	0	0	36.5	0.308414047952423	0.0148228140499177	4.37897721162803
"AT2G36854"	0.29338564856073	1.56447125254644e-08	7.23543959344867e-07	6.92857142857143	0.357219356262825	0.0638337077020957	2.48441990384863
"AT2G32487"	0.292711319750454	2.8355604686503e-07	1.14924046198496e-05	5.78571428571429	0.368494483720821	0.075783163970367	2.28169374348549
"AT5G56080"	0.289200594950314	0	0	27.1428571428571	0.307982101001492	0.0187815060511777	4.03546184868072
"AT2G25510"	0.280226357968392	0	0	147.642857142857	0.28640480633546	0.00617844836706791	5.5346673228746
"AT2G33830"	0.275726631626838	0	0	56.8571428571429	0.286437988162692	0.0107113565358545	4.74100973295814
"AT5G17220"	0.275515466155952	0	0	176.142857142857	0.281234585104441	0.00571911894848924	5.61983730036783
"AT1G74670"	0.273758778970428	0	0	38.7857142857143	0.287904864993476	0.014146086023048	4.34711732299828
"AT4G08555"	0.273600783545995	0	0	18.7142857142857	0.299337047778281	0.0257362642322854	3.53989628828862
"AT4G12545"	0.273444916224107	0	0	32.7857142857143	0.28956866250215	0.0161237462780422	4.16664658907097
"AT5G24770"	0.270888906077261	0	0	31.5714285714286	0.287504350852767	0.0166154447755064	4.1129869709008
"AT5G64570"	0.267395249488246	1.942213057049e-11	1.34324524133614e-09	11.1428571428571	0.308349769888231	0.0409545203999851	2.91247316486743
"AT5G55450"	0.266757275230755	0	0	36.1428571428571	0.281693559920059	0.0149362846893045	4.23723334500867
"AT5G42530"	0.26561174698423	0	0	210.571428571429	0.270941810574043	0.00533006358981318	5.66768648596115
"AT3G22121"	0.26555528235777	0	0	48.7142857142857	0.277498870441828	0.0119435880840576	4.538173678762
"AT1G73330"	0.26321016078203	0	0	108.142857142857	0.270425525431642	0.00721536464961196	5.22801521624356
"AT1G70850"	0.2622424668179	0	0	86.2142857142857	0.270443634488913	0.00820116767101318	5.04335479723204
"AT5G64110"	0.261351800667993	1.46907075393443e-09	8.14308079304023e-08	9.21428571428571	0.310179214451794	0.0488274137838016	2.66733874194161
"AT1G65486"	0.258602493131405	3.43391981516561e-13	2.76862080498673e-11	14.0714285714286	0.29172852450958	0.0331260313781754	3.13858917771502
"AT1G47395"	0.257683458760313	0	0	126.571428571429	0.264334516942174	0.00665105818186086	5.31263712361132
"AT2G43510"	0.254084047476323	1.23590027101272e-12	9.50697366635655e-11	13.6428571428571	0.288145778729918	0.0340617312535954	3.0805752149574
"AT2G38940"	0.254026821538024	1.19682042054592e-13	1.00247008225393e-11	15.1428571428571	0.285045321357176	0.0310184998191516	3.19999050315772
"AT5G10140"	0.253863230092485	4.06949130171697e-06	0.000138813846959246	5.64285714285714	0.331480408711622	0.0776171786191364	2.0944757088243
"AT3G24420"	0.253825633235148	2.58637355976532e-09	1.35398451946464e-07	9.28571428571429	0.302303140646336	0.0484775074111876	2.64060854113281
"AT4G29030"	0.252304258009542	0	0	68.6428571428571	0.26174990981422	0.00944565180467809	4.79239487548939
"AT2G30766"	0.248425505648806	0	0	308.285714285714	0.253124666958658	0.0046991613098526	5.75130100196036
"AT5G64572"	0.248280805398985	0	0	43.5714285714286	0.261239947904823	0.0129591425058381	4.33333336093329
"ATCG00710"	0.247838076313608	7.74644886014642e-08	3.29924320520982e-06	7.78571428571429	0.305011880636828	0.0571738043232198	2.41543924378952
"AT3G30775"	0.244265306077112	0	0	85.0714285714286	0.252531784677792	0.00826647860067955	4.93304827932325
"AT2G01530"	0.243849065205229	0	0	47.9285714285714	0.255933702514534	0.0120846373093049	4.40452406061582
"AT2G39510"	0.24205830865606	8.54840642716681e-11	5.65282121501728e-09	11.9285714285714	0.280535198603254	0.0384768899471938	2.86611769920033
"AT5G37990"	0.235477074001478	0	0	24.8571428571429	0.255678526784353	0.0202014527828748	3.66180004771065
"AT1G49860"	0.235316384525585	0	0	170.785714285714	0.241110143800439	0.00579375927485425	5.37904879469047
"ATCG01060"	0.235133568300538	1.43376237327075e-07	5.98804301989007e-06	8	0.290865384615385	0.0557318163148471	2.38377853690756
"AT1G64590"	0.234161093879546	2.93228575845017e-05	0.000875450304868319	5.21428571428571	0.317883280165134	0.0837221862855883	1.92481524533625
"AT1G19960"	0.233426755503768	0	0	91.4285714285714	0.241350661057692	0.00792390555392415	4.92877528343648
"AT2G05510"	0.230194245808847	1.84741111297626e-13	1.52204466395317e-11	17.3571428571429	0.257681690694951	0.0274874448861041	3.22874532013077
"AT5G59320"	0.229907626194414	1.74449343859351e-12	1.3351130748058e-10	15.6428571428571	0.260041411852258	0.0301337856578445	3.10928755933144
"AT1G52400"	0.229545877331508	0	0	59.7142857142857	0.239904517542392	0.010358640210884	4.53355378814092
"AT4G21830"	0.227579520565951	5.65321197798507e-06	0.000186099294742535	6.28571428571429	0.297600127145582	0.070020606579631	2.0875236780005
"AT2G21650"	0.227014087773113	3.47692985513959e-10	2.1137770736266e-08	12.1428571428571	0.264870907639074	0.0378568198659605	2.80666426383837
"AT5G04238"	0.225770259873166	2.92479558794412e-06	0.000101840977088761	6.71428571428571	0.291534631054776	0.0657643711816103	2.14828917025221
"AT4G37070"	0.224875426724496	6.79937883774073e-10	3.94285518217758e-08	11.8571428571429	0.263563987181348	0.0386885604568518	2.76817430267238
"AT5G38940"	0.223881421730926	2.1609380951304e-12	1.63720922915985e-10	16.1428571428571	0.253185298529492	0.0293038767985653	3.11103018979038
"AT2G28780"	0.222840545052858	5.63215252213922e-10	3.33003778730561e-08	12.1428571428571	0.260697364918818	0.0378568198659605	2.78375087173134
"AT1G11080"	0.221597683054383	6.07312766742751e-09	3.00211625710835e-07	10.6428571428571	0.264319348054315	0.042721664999932	2.62924225378202
"AT3G28740"	0.220944220412046	2.46376929968761e-09	1.29881992067798e-07	11.2857142857143	0.261422602393601	0.0404783819815545	2.69116035250901
"AT3G45070"	0.220607137210868	4.83908024762059e-10	2.87239420840061e-08	12.4285714285714	0.257670457432645	0.0370633202217769	2.79746310568204
"AT5G54710"	0.220431280195047	5.38688500562046e-06	0.000178443428389249	6.57142857142857	0.287552711938345	0.0671214317432981	2.09898104916094
"AT1G23390"	0.218734500670195	1.01263172291866e-08	4.8314710400141e-07	10.5	0.261991976277691	0.043257475607496	2.5985012477221
"AT2G40610"	0.218112794404025	3.01562996796179e-09	1.56242793907078e-07	11.3571428571429	0.258357599048236	0.0402448046442112	2.68249486090465
"AT1G32900"	0.217117950027011	1.76705036714075e-06	6.40428326571662e-05	7.35714285714286	0.277427728271352	0.060309778244341	2.20164815334875
"AT2G47880"	0.216159506005878	0	0	33.2857142857143	0.232091215531692	0.0159317095258137	3.86471893255953
"AT4G28940"	0.216038221907725	2.04277383897278e-09	1.09215961596428e-07	11.7857142857143	0.254941018577382	0.0389027966696571	2.71221773610564
"AT1G44800"	0.216020463377827	0	0	76.8571428571429	0.22481351514256	0.0087930517647328	4.67622099669574
"AT4G14090"	0.215466443926415	0	0	62	0.225566317137597	0.0100998732111822	4.48114256495945
"AT4G33610"	0.215170318100214	3.82577339808066e-08	1.71160787901668e-06	9.85714285714286	0.26103113437707	0.0458608162768563	2.50888795509822
"AT4G37610"	0.213782713009376	2.06898586041504e-08	9.51039628581633e-07	10.3571428571429	0.257590780206714	0.0438080671973377	2.55581248707536
"AT3G62760"	0.21273436821988	3.81716136732546e-05	0.0011218585172547	5.71428571428571	0.289423076923077	0.0766887087031969	1.91609387600031
"AT1G56650"	0.21232638542254	0	0	38.5	0.22655266811111	0.0142262826885699	3.99321583992067
"AT1G29951"	0.211433371621158	2.6813992066721e-06	9.37992014825875e-05	7.35714285714286	0.271743149865499	0.060309778244341	2.17177983246632
"AT1G29395"	0.210695144930459	0	0	114.785714285714	0.217686211213286	0.00699106628282636	4.9605937029542
"AT5G15970"	0.210553346830151	0	0	535.785714285714	0.214675218518442	0.00412187168829178	5.70271225483767
"AT2G33790"	0.208351327862644	6.2747882678682e-07	2.43200469703468e-05	8.42857142857143	0.261419132433209	0.0530678045705653	2.30045596083724
"AT5G08210"	0.204684631001742	4.3281378481197e-11	2.92624817650676e-09	15.9285714285714	0.234337803201042	0.0296531721992997	2.98233135453919
"AT3G21680"	0.204133691145936	1.40088908050506e-05	0.000440025097224476	6.64285714285714	0.270569296583865	0.066435605437929	2.02596958514953
"AT4G27300"	0.204133691145936	1.40088908050506e-05	0.000440025097224476	6.64285714285714	0.270569296583865	0.066435605437929	2.02596958514953
"AT4G01870"	0.203659566143625	1.11177733685963e-12	8.59603431170906e-11	19.5	0.228493400091033	0.0248338339474083	3.20177358151581
"AT5G33370"	0.202088898571379	6.66256039227875e-09	3.27203332359566e-07	12.0714285714286	0.240149962428594	0.0380610638572149	2.65754779033806
"AT3G07273"	0.201282129980727	1.16207681255531e-08	5.47519753215514e-07	11.7142857142857	0.240401775499931	0.039119645519204	2.61948234863846
"AT5G53450"	0.200346869622898	0	0	126.714285714286	0.206994194464468	0.00664732484157012	4.96067263775128
"AT2G41100"	0.199847358580991	4.07673894642357e-13	3.26941452634193e-11	21.2142857142857	0.222944283550344	0.0230969249693529	3.27091051341226
"AT5G53250"	0.196193426568068	7.7715611723761e-16	7.65828939842578e-14	30	0.213504273504274	0.0173108469362058	3.62451673148676
"AT4G12510"	0.193918512116695	0	0	81.7857142857143	0.202382927040352	0.00846441492365642	4.57953342988164
"AT1G75040"	0.191727831486974	4.63212646018007e-09	2.35146702492037e-07	13.3571428571429	0.226446720941845	0.0347188894548707	2.70537894213789
"AT2G45180"	0.191247124685264	0	0	799.285714285714	0.195111100544763	0.00386397585949881	5.65806596911503
"ATCG00350"	0.190655476590526	1.06137321154165e-13	9.0922294945531e-12	24.7857142857143	0.210905522651322	0.0202500460607967	3.3805997785422
"AT1G24530"	0.190068691390904	2.32136514466408e-06	8.27404782177312e-05	8.57142857142857	0.242307692307692	0.0522390009167888	2.21364099498086
"AT1G66100"	0.189774696545876	0	0	44.3571428571429	0.202563444319378	0.0127887477735023	3.98542692825087
"AT2G36030"	0.189405781998156	1.37496238694634e-06	5.09344174643489e-05	9	0.239316239316239	0.0499104573180833	2.2615042692649
"AT5G58570"	0.186813859261483	4.45879420041262e-06	0.000150392036151278	8.28571428571429	0.240739046922162	0.053925187660679	2.15843896311307
"AT4G30270"	0.186114351129166	9.27036225562006e-14	7.98681438445621e-12	26.1428571428571	0.205486531742914	0.0193721806137484	3.40698557408227
"AT4G34800"	0.186075344228656	3.7152434119947e-05	0.00109403759614539	6.78571428571429	0.251182612401449	0.0651072681727931	1.94784608904932
"AT5G45070"	0.18604632732627	9.07551811479834e-12	6.51578983889593e-10	20.3571428571429	0.209975140279849	0.0239288129535794	3.13339779669083
"ATCG00905"	0.184465137450649	0.000186761137348834	0.00479692958740779	5.71428571428571	0.261153846153846	0.0766887087031969	1.76781386859798
"AT1G07600"	0.182897894056406	0	0	1882.07142857143	0.186460179687628	0.00356228563122217	5.70992055288723
"AT1G78460"	0.180027642590807	6.65023591750469e-14	5.79569982244036e-12	28.4285714285714	0.198110770318543	0.0180831277277363	3.4535911761039
"AT1G56150"	0.179753598989111	0.000242082591286552	0.00606292230702217	5.71428571428571	0.256442307692308	0.0766887087031969	1.74154821390417
"AT4G07820"	0.179573463392027	5.58263826389016e-07	2.19763543354235e-05	10.4285714285714	0.223104349206807	0.0435308858147804	2.35760735472488
"AT2G19590"	0.178553024622355	6.02500271895678e-10	3.52089015479502e-08	17	0.206547777482034	0.0279947528596783	2.88324718746101
"AT1G14250"	0.178394490646126	8.19491419168372e-09	3.97282061955034e-07	14.3571428571429	0.210927756929093	0.0325332662829674	2.6967613795131
"AT1G68880"	0.177478356954792	1.19070309168023e-11	8.38889276320696e-10	21.7857142857143	0.200057056622496	0.0225786996677036	3.14737721062259
"AT5G26220"	0.177420423940885	1.1373346708865e-11	8.05051400608254e-10	21.8571428571429	0.199936250685962	0.022515826745077	3.15052871538487
"AT5G61440"	0.177285034029578	4.20746911755643e-08	1.87126878717989e-06	12.9285714285714	0.213044121410777	0.0357590873811988	2.57477042072151
"AT1G31690"	0.176821201881504	0	0	60.0714285714286	0.187138111682953	0.0103169098014494	4.1810205874155
"AT3G52520"	0.176676585320864	0.000121152572468253	0.00325020878132357	6.35714285714286	0.245947966942791	0.069271381621927	1.82802177561905
"AT3G13857"	0.176330450178279	2.43285591672304e-09	1.28702346162924e-07	15.8571428571429	0.206102152048098	0.0297717018698192	2.79134596980598
"AT1G32450"	0.175898419344461	1.11022302462516e-16	1.12341158001835e-14	43.7142857142857	0.188826125388986	0.0129277060445248	3.86852018116195
"AT2G37130"	0.175534528133326	7.2553074659254e-13	5.69730576373736e-11	26.1428571428571	0.194906708747074	0.0193721806137484	3.33072548545636
"AT1G52100"	0.174530116595518	1.09242503931739e-10	7.09935013697771e-09	19.6428571428571	0.199207628734901	0.0246775121393833	3.01300403524852
"AT4G01080"	0.174272824910807	1.11022302462516e-16	1.12341158001835e-14	43.4285714285714	0.187263610696782	0.0129907857859758	3.84950997627867
"AT4G17470"	0.173923593217619	1.14235059411882e-07	4.79755429179095e-06	12.3571428571429	0.211181848323083	0.0372582551054636	2.5028538202446
"AT2G30600"	0.173374111418868	1.65354152592556e-09	9.06561657686534e-08	16.7142857142857	0.201790320133515	0.0284162087146476	2.82807098170632
"AT1G21100"	0.172671444034817	2.48912858036299e-06	8.78889733164702e-05	9.71428571428571	0.219157572531275	0.0464861284964575	2.23709634500865
"AT1G62500"	0.172633568300537	1.94930321995024e-05	0.000596138836656993	8	0.228365384615385	0.0557318163148471	2.03477090796391
"AT5G14780"	0.171366010495744	2.53130849614536e-13	2.07415968458606e-11	29.1428571428571	0.189087776890545	0.0177217663948009	3.41546179187776
"AT4G18205"	0.170229722146691	2.33984827843203e-05	0.000706971793465326	8	0.225961538461538	0.0557318163148471	2.0195041513106
"AT3G49110"	0.169628743779504	8.77601324944521e-11	5.77798915990766e-09	20.9285714285714	0.192995393521899	0.0233666497423956	3.04604360948461
"AT3G17998"	0.169257060946382	0	0	58.3571428571429	0.17977893499138	0.0105218740449983	4.09476039746145
"AT3G54363"	0.168392061770382	0.000261847173216978	0.00651463668414584	6.14285714285714	0.239963389774098	0.0715713280037161	1.74536066240663
"AT1G14120"	0.167468028640868	1.89484913759586e-07	7.80563946653899e-06	12.5714285714286	0.20414812460267	0.0366800959618018	2.47654699596935
"AT2G19970"	0.167460322940737	2.86568768714801e-10	1.77802359091072e-08	19.8571428571429	0.191907569683047	0.0244472467423105	2.97266771632075
"ATCG00330"	0.166857544806064	7.54174500627869e-13	5.89154867666652e-11	28.8571428571429	0.184721709033051	0.0178641642269873	3.37021310172415
"AT4G14400"	0.166458128333304	2.9339863871769e-12	2.17909915071262e-10	26.7142857142857	0.185487365732726	0.0190292373994217	3.2850312710272
"AT1G62510"	0.16445205506825	1.06911890311867e-05	0.000341506476744072	9.07142857142857	0.21399581260701	0.0495437575387596	2.11080737084512
"AT3G54830"	0.164312731962712	2.27456344592536e-06	8.12644385644944e-05	10.5	0.207570207570208	0.043257475607496	2.26257800840313
"AT3G53980"	0.161965896749839	4.55191440096314e-15	4.3163027310265e-13	42.0714285714286	0.175268011582331	0.0133021148324921	3.71983517628378
"AT1G68600"	0.160723929248517	1.31117339208231e-13	1.09218570344889e-11	34.7857142857143	0.17611265189996	0.0153887226514427	3.51655316570295
"AT1G50060"	0.160157435480298	1.0797356564396e-08	5.11288316903241e-07	16.7142857142857	0.188573644194946	0.0284162087146476	2.73034206486104
"AT5G38020"	0.159444993905613	1.34296653797605e-08	6.26870170063931e-07	16.5714285714286	0.188077380407939	0.0286323865023258	2.71560652126512
"AT3G23290"	0.159360775868921	8.94404607265642e-06	0.000287525336113946	9.64285714285714	0.206166508388731	0.0468057325198092	2.13905284745754
"ATCG00340"	0.158789452152945	2.45847786572995e-12	1.84410302396072e-10	29.7142857142857	0.176234638142922	0.0174451859899773	3.33659662362686
"AT1G08115"	0.158515053248621	5.50892664819003e-13	4.37147826709269e-11	32.7857142857143	0.174638799526663	0.0161237462780422	3.437115226877
"AT3G26960"	0.157492081186476	8.41721038424836e-08	3.56478317312676e-06	14.7142857142857	0.189316762980633	0.0318246817941568	2.57258416536157
"AT3G54040"	0.157166741262454	0	0	134.928571428571	0.163612694985853	0.00644595372339981	4.66574705246577
"AT3G05890"	0.156983321164913	0	0	162.214285714286	0.162906759379312	0.00592343821439885	4.78146783536352
"AT4G15440"	0.155918822085113	3.57225904412672e-09	1.83818940642657e-07	18.9285714285714	0.181401539009229	0.0254827169241158	2.83159568712278
"AT3G22120"	0.154058638119912	0	0	142.714285714286	0.16033512530009	0.00627648718017781	4.67498936878393
"AT4G40090"	0.153866481214181	2.35860775354979e-10	1.48169704584459e-08	23.4285714285714	0.17509609664577	0.0212296154315883	3.04399678006433
"AT1G55990"	0.153418585270976	1.22276886781458e-05	0.000389760808034682	9.85714285714286	0.199279401547833	0.0458608162768563	2.11945865537315
"AT1G18970"	0.152137391310754	2.03038463819638e-09	1.09215961596428e-07	20.5714285714286	0.1758517331434	0.023714341832646	2.89052782025758
"AT2G23000"	0.151951199231083	1.15241149956091e-13	9.76118437015724e-12	40	0.165769230769231	0.0138180315381475	3.58455223118586
"AT4G12480"	0.151536035345497	0	0	224.142857142857	0.156745579219979	0.00520954387448186	4.91112388248248
"AT4G12470"	0.150289937460212	5.55111512312578e-16	5.50619491522154e-14	59.7857142857143	0.160640191703513	0.0103502542433011	3.95609478448876
"AT3G62680"	0.149074308898781	2.63882833140272e-06	9.29228006473365e-05	11.9285714285714	0.187551198845975	0.0384768899471938	2.28522038770385
"AT2G32870"	0.148356917188204	1.25484356239269e-09	7.13934958120552e-08	22.2857142857143	0.170503970060183	0.0221470528719789	2.94461869578569
"AT3G08770"	0.147663679704715	0	0	205.5	0.153042865281131	0.00537918557641544	4.83040421778632
"AT3G02470"	0.147258138168538	0	0	217.071428571429	0.152528598757241	0.00527046058870378	4.85500691442031
"AT3G09220"	0.146192043900493	3.8877505881274e-08	1.73418981115967e-06	17.6428571428571	0.173288430332473	0.0270963864319805	2.67700296360142
"AT5G40450"	0.145721071646779	5.49189003841155e-05	0.00158927497330386	9	0.195631528964862	0.0499104573180833	1.9707248729482
"AT2G41090"	0.145294544017148	0	0	215.857142857143	0.150575866577778	0.0052813225606298	4.83344749380763
"AT3G28270"	0.144956511929655	9.69218039159614e-11	6.353434946265e-09	28	0.163265306122449	0.0183087941927939	3.15660956650462
"AT2G32880"	0.144949633644155	0.000388352856946272	0.00927923300186838	7.07142857142857	0.207561237864268	0.0626116042201134	1.72903507382762
"ATCG00720"	0.144797688389261	5.88389173494797e-07	2.29822372248214e-05	14.2857142857143	0.177476923076923	0.0326792346876623	2.44118534380355
"AT1G02205"	0.144383257923568	3.39160365347979e-08	1.52642412786611e-06	18.2142857142857	0.170734332948866	0.0263510750252979	2.69581947419407
"AT3G20380"	0.144045568096889	5.07855835518711e-06	0.000169027426757519	11.7857142857143	0.182948364766547	0.0389027966696571	2.23349074314766
"AT5G02690"	0.143547484766925	2.28083727430439e-05	0.000690525774792918	10.1428571428571	0.188210519890742	0.0446630351238173	2.07519406924229
"AT2G36690"	0.143013103451324	9.59528372362906e-05	0.00264475489398821	8.64285714285714	0.194847976966685	0.0518348735153606	1.91035400520899
"AT5G15960"	0.143011217383604	7.88258347483861e-15	7.33615500309517e-13	57	0.153704098302436	0.0106928809188322	3.84543312574223
"AT1G66270"	0.142765225069765	3.85247389544929e-14	3.39671046325667e-12	50.8571428571429	0.154346284948482	0.0115810598787169	3.73633156084032
"AT4G15760"	0.141589500058898	1.49791345993577e-09	8.27254257708852e-08	24	0.162393162393162	0.0208036623342641	2.96458145688483
"AT3G58550"	0.141397534985566	5.23092680282389e-12	3.80998470561236e-10	36.4285714285714	0.156242865170201	0.0148453301846353	3.39570922390382
"AT3G48340"	0.13986189203906	2.35445219542996e-07	9.6200747291321e-06	16.3571428571429	0.168825625281452	0.0289637332423916	2.54321442704647
"AT1G02930"	0.139168058290236	0	0	107.785714285714	0.146396265150934	0.00722820686069758	4.34009714333983
"AT5G45080"	0.137326147906871	0.000348650347443691	0.00844162777337823	7.71428571428571	0.194998417220639	0.0576722693137684	1.75751271741308
"AT4G22666"	0.136645625103338	6.93771516291353e-06	0.000225430886877688	12.3571428571429	0.173903880208802	0.0372582551054636	2.22265810689501
"AT1G54040"	0.136614660667819	7.06357261570645e-08	3.0254967138354e-06	18.8571428571429	0.162181253090344	0.0255665924225254	2.66527527209553
"AT1G30820"	0.136286743830336	4.07448186301451e-10	2.45723852194679e-08	28.5714285714286	0.154296153846154	0.0180094100158175	3.0988792754012
"AT5G20150"	0.136132565337636	1.48963508195266e-10	9.55711835344689e-09	30.9285714285714	0.153023951764145	0.0168913864265083	3.17939783257026
"ATCG00140"	0.135594218772024	6.31467905742866e-08	2.72018331853863e-06	19.2857142857143	0.160666877703915	0.0250726589318909	2.67988563487757
"AT1G45145"	0.134995996723065	9.32587340685131e-15	8.62614683160106e-13	67.7142857142857	0.144525381506635	0.00952938478356962	3.92279599359803
"AT1G72360"	0.134325060250768	0.000138581698596263	0.00364641582850935	9	0.184235517568851	0.0499104573180833	1.88413718795211
"AT1G51140"	0.134083492894334	3.92988974695641e-11	2.66896160877756e-09	35.4285714285714	0.149253582005923	0.0151700891115894	3.29846409046326
"AT1G22890"	0.134062431554113	2.99649826487336e-05	0.000892849888132325	10.8571428571429	0.176006818666098	0.0419443871119854	2.06908165025611
"AT5G58650"	0.134031333946814	9.26813539026128e-07	3.48468023139574e-05	15.5	0.164412070759625	0.0303807368128111	2.43608745776276
"AT2G02120"	0.133906590514568	0	0	133.214285714286	0.140392518951698	0.00648592843712971	4.43600914524497
"AT1G19020"	0.133424172625785	0.000103508628238491	0.00282717316657922	9.42857142857143	0.181217772126863	0.0477935995010782	1.92283511708477
"AT3G08520"	0.132564116072617	0	0	43445.1428571429	0.135913348935741	0.00334923286312443	5.34271266309542
"AT2G48140"	0.132444399565512	1.3207404392368e-08	6.18410049763144e-07	22.9285714285714	0.154064140263808	0.0216197406982964	2.83310997644236
"AT1G12740"	0.129746429556551	1.39585304526069e-06	5.15815597142043e-05	15.7142857142857	0.159758423394787	0.030011993838236	2.41228092819942
"AT2G39800"	0.129353680177407	1.41066969217007e-09	7.87728405512897e-08	28.8571428571429	0.147217844404395	0.0178641642269873	3.0428122280471
"AT4G14630"	0.127936443058811	3.87791763281076e-05	0.00113749735700171	11.2857142857143	0.168414825040366	0.0404783819815545	2.05679561171158
"AT2G21100"	0.127916222247513	1.47221489110727e-06	5.40062868934898e-05	16	0.157451923076923	0.0295357008294099	2.41437962822863
"AT3G56400"	0.127097757148778	0.000100311424621746	0.00274980972549467	10.1428571428571	0.171760792272596	0.0446630351238173	1.9432475515008
"AT5G09520"	0.126889153318408	2.66102251589295e-06	9.33028755165536e-05	15.2857142857143	0.157648971693866	0.0307598183754583	2.35759686980608
"AT2G22990"	0.126117140159825	2.42361686275672e-12	1.82704357198915e-10	52	0.137517068730086	0.011399928570261	3.5925140083457
"AT1G67148"	0.126073460628838	2.62571872284845e-05	0.000788604804469841	12.0714285714286	0.164134524486053	0.0380610638572149	2.10849093849942
"AT1G49500"	0.12581746605064	7.70251185056026e-09	3.7634413410962e-07	26.5	0.144973573951858	0.0191561079012178	2.91991357497899
"AT4G20390"	0.124664761191237	1.0817866491486e-08	5.11288316903241e-07	26.2142857142857	0.143993256259291	0.0193284950680542	2.89720002881028
"AT5G65010"	0.124617444701984	5.55111512312578e-16	5.50619491522154e-14	128.642857142857	0.131215181000281	0.00659773629829687	4.31381971596759
"AT3G01420"	0.124213150295348	1.11022302462516e-14	1.01447469953173e-12	91.3571428571429	0.13214064014967	0.00792748985432286	4.05906630273838
"AT4G11320"	0.123771135439948	1.22124532708767e-15	1.18030229464749e-13	119.357142857143	0.130622348473172	0.00685121303322335	4.25289849642493
"AT1G59730"	0.123595983832738	0.000363855510074784	0.00876333789999604	8.85714285714286	0.174257584247178	0.0506616004144399	1.78225689012902
"AT1G47600"	0.123586953679797	9.74395499842018e-08	4.10362037740729e-06	21.9285714285714	0.146040317097835	0.0224533634180376	2.70136323058911
"AT1G65310"	0.122674038450628	6.46923932379195e-06	0.000211118444339418	14.7142857142857	0.154498720244785	0.0318246817941568	2.27937689372251
"AT3G28290"	0.121006480038908	3.78016999746933e-06	0.000129826020619237	15.9285714285714	0.150659652238208	0.0296531721992997	2.34503475139763
"AT4G01390"	0.120817514136452	1.82902581968847e-11	1.27398714516903e-09	49.1428571428571	0.132686067312893	0.0118685531764406	3.48280090803253
"ATCG00580"	0.120478143268009	1.90382137535972e-05	0.000583412903989805	13.4285714285714	0.155030121530801	0.0345519782627915	2.16570833158525
"AT3G11550"	0.120307510411486	7.74900269013834e-05	0.00217563712400774	11.3571428571429	0.160552315055697	0.0402448046442112	1.99616901056113
"AT1G48330"	0.120138579495988	3.68399755146243e-11	2.51328647436195e-09	46.8571428571429	0.132423179883769	0.0122846003877805	3.43023284597699
"AT3G27220"	0.119439820000404	6.60893307623533e-05	0.00187298654117294	11.7142857142857	0.158559465519608	0.039119645519204	2.01905880198475
"AT3G52748"	0.119251369856468	6.87793063947062e-07	2.62528000636199e-05	19.4285714285714	0.144164226776684	0.0249128569202151	2.5327508360646
"AT1G68840"	0.119108398277698	3.3298411347138e-06	0.000114883329034508	16.5714285714286	0.147740784780024	0.0286323865023258	2.36734831745853
"AT5G05250"	0.118353640535571	1.8533098389284e-09	1.00512059142171e-07	34.2142857142857	0.133943601388391	0.0155899608528201	3.10293645345694
"AT1G33600"	0.118254678525072	1.40687128613592e-09	7.87728405512897e-08	35.1428571428571	0.133520950594121	0.0152662720690497	3.12864641814236
"AT3G25820"	0.118214791203477	1.83362214301042e-11	1.27398714516903e-09	52.2857142857143	0.129570674182338	0.0113558829788605	3.51222743648275
"AT5G02780"	0.118091021766259	4.10684602217826e-05	0.00120230907721129	12.6428571428571	0.154582753261294	0.0364917314950344	2.08273785525558
"AT3G28550"	0.117467127462996	0.00036797431854374	0.0088343133768853	9.5	0.164926486256126	0.0474593587931301	1.79705859197765
"AT4G22690"	0.117386739880463	3.32511795875234e-13	2.69531201419941e-11	79.8571428571429	0.125974920813647	0.00858818093318367	3.87464015344438
"AT1G73260"	0.117114121568786	1.5577761136587e-07	6.48800841592052e-06	23.2142857142857	0.138508875739645	0.0213947541708586	2.69464942070867
"AT3G12500"	0.116867476298369	4.48096055971625e-06	0.000150802326693844	16.5714285714286	0.145499862800695	0.0286323865023258	2.34529796400686
"AT3G51600"	0.116776093789223	0	0	433.357142857143	0.12108286717815	0.00430677338892697	4.81324351794818
"AT5G14920"	0.116743581815805	1.69604774669097e-10	1.07895830704049e-08	44	0.1296090273363	0.0128654455204953	3.33259288371316
"AT1G21110"	0.116099595758508	3.62711858048481e-06	0.000124854033876643	17.1428571428571	0.143888888888889	0.0277892931303807	2.37235414872859
"AT2G39530"	0.115934137140517	6.21841114378796e-07	2.41636558801266e-05	20.6428571428571	0.139577978085659	0.023643840945142	2.56153501263397
"AT5G62360"	0.11593353592414	5.37473959782986e-08	2.34883909902843e-06	26.2142857142857	0.135262030992195	0.0193284950680542	2.80695570379675
"AT1G22160"	0.115812613956135	5.8191698015797e-08	2.5211385947821e-06	26.0714285714286	0.13522871948843	0.0194161055322958	2.80007581939296
"AT1G45191"	0.115650246899539	2.1057237551414e-06	7.54109193735555e-05	18.2857142857143	0.141911433293269	0.0262611863937302	2.43398682781012
"AT5G53486"	0.11555682061418	8.45994031833941e-05	0.00234899668839048	11.9285714285714	0.154033710561374	0.0384768899471938	2.00118202476729
"AT5G14330"	0.115125419924397	1.06896713703009e-11	7.60227241745406e-10	59.7142857142857	0.125484060135281	0.010358640210884	3.59859757804233
"AT2G43535"	0.115092424973995	1.11688436277291e-13	9.51370934323566e-12	98.2142857142857	0.12269959567705	0.00760717070305477	4.01162670563934
"AT1G54010"	0.114372499030793	3.45279360658424e-14	3.08034137316394e-12	117.571428571429	0.121277047843015	0.00690454881222169	4.13461558781234
"AT1G51090"	0.114271454521655	4.52553624130658e-05	0.00132231608353061	13.1428571428571	0.14950196306529	0.0352305085436354	2.08526722310202
"AT2G18370"	0.114005460200188	9.9832919708831e-11	6.51593476385301e-09	49.3571428571429	0.125836984572725	0.0118315243725369	3.41084813756451
"AT1G65845"	0.112988017802431	7.76638520161299e-09	3.77721902208771e-07	33.2857142857143	0.128919727328245	0.0159317095258137	3.0165000558463
"AT1G08930"	0.112906527835855	2.72107425480783e-09	1.41467712205992e-07	36.8571428571429	0.127618070289785	0.0147115424539299	3.11681220315509
"AT4G11650"	0.112104862610859	4.5036042672919e-09	2.29394734925541e-07	35.7142857142857	0.127180307692308	0.0150754450814485	3.07660280289546
"AT5G09530"	0.112039807570288	2.33328476539896e-08	1.06602831539152e-06	30.5	0.129121617431212	0.0170818098609233	2.91819781028614
"AT4G37483"	0.111782248980863	8.42883011120676e-06	0.000271541605954411	16.6428571428571	0.140306082688517	0.0285238337076548	2.29833775204016
"AT1G64780"	0.111086072730876	5.17818399270453e-09	2.59373687900353e-07	36	0.126068376068376	0.0149823033375003	3.07287508279651
"AT1G25560"	0.110885770739664	1.94965851052498e-06	6.9988098483774e-05	19.8571428571429	0.135333017481975	0.0244472467423105	2.46876995700652
"AT1G03495"	0.110841761724771	1.46618273078047e-10	9.44685343246889e-09	51.5	0.122319946054511	0.0114781843297395	3.41369332230035
"AT3G46130"	0.110449857384343	2.22368318693045e-05	0.000675936923575612	15.1428571428571	0.141468357203494	0.0310184998191516	2.1892785771657
"AT2G23130"	0.109620341710237	3.35872270218474e-07	1.34679420693721e-05	24.4285714285714	0.130117616728882	0.020497275018645	2.66631227239145
"AT5G01600"	0.109338452083499	3.44313466627e-12	2.54266948959218e-10	81	0.117852578757929	0.00851412667442937	3.79098096172402
"AT1G13590"	0.108689566872845	6.78283312849359e-07	2.60215712667425e-05	23.0714285714286	0.130196117754706	0.021506550881861	2.59783835435806
"AT1G78850"	0.10868238475523	1.30904176387503e-11	9.17973147625294e-10	71	0.117925320067752	0.00924293531252187	3.67337862003904
"AT4G04040"	0.1083233424303	5.62549951066416e-09	2.8084654345127e-07	37.9285714285714	0.12271364315796	0.0143903007276599	3.09212700818697
"AT3G62040"	0.108301490628161	6.11732886568461e-13	4.8288464559124e-11	104.928571428571	0.115635582349763	0.00733409172160227	3.97882328038391
"AT5G24570"	0.108227292497124	1.02302497584361e-08	4.86566169110225e-07	35.7857142857143	0.123279312708837	0.015052020211713	3.03390168698776
"AT4G13340"	0.108087068691726	0.000122481956785103	0.00327422067810107	12.5714285714286	0.144767164653528	0.0366800959618018	1.98066509642555
"AT3G16660"	0.107632580415609	2.13595807707634e-12	1.62645656202424e-10	91.6428571428571	0.115545766592581	0.00791318617697181	3.86806189203107
"AT5G54370"	0.107217878361969	9.71131458804564e-07	3.6331883385599e-05	22.7857142857143	0.128952228184744	0.021734349822775	2.56878785834453
"AT3G30720"	0.107107417126657	0.000222313234209071	0.0056427889430474	11.7142857142857	0.146227062645861	0.039119645519204	1.902245137002
"AT3G12502"	0.106322638897376	7.811852533679e-05	0.00218920633178956	13.7142857142857	0.140224358974359	0.0339017200769827	2.04830660927762
"AT5G40730"	0.106278748799941	4.67414995597437e-12	3.42097858670998e-10	87.5714285714286	0.114404573841089	0.00812582504114877	3.81548661938119
"AT4G26320"	0.105785654011554	2.49693732357059e-09	1.31171860722905e-07	43.7857142857143	0.118697718749878	0.0129120647383249	3.2005005858837
"AT2G34070"	0.105504663470026	8.55416287938171e-05	0.0023664424538062	13.7142857142857	0.139406383547009	0.0339017200769827	2.03986624647697
"AT4G39800"	0.105437214192235	1.18793863634892e-14	1.07894884459233e-12	252	0.110440044963854	0.00500283077161944	4.4643749183871
"AT1G53887"	0.105262246979157	9.06403852751758e-07	3.41646272198456e-05	23.7857142857143	0.12622324334036	0.0209609963612037	2.59019839865206
"AT5G43580"	0.105059683243028	6.01853078485703e-09	2.98491410010821e-07	40.6428571428571	0.118711974858947	0.0136522916159198	3.12025043034083
"AT5G23940"	0.104963357792592	1.39384681574484e-09	7.84142852275556e-08	47.5714285714286	0.11711364864518	0.0121502908525882	3.26884646557103
"AT5G20740"	0.104602257000175	3.02144090635892e-07	1.22129395563468e-05	27.1428571428571	0.123383763051353	0.0187815060511777	2.71576789290168
"AT1G15380"	0.104427779061065	5.40202425791669e-07	2.13769868075092e-05	25.5714285714286	0.124158229960171	0.0197304508991065	2.65368406386211
"AT4G37540"	0.104181242714216	4.91646101608012e-09	2.48743230669262e-07	42.4285714285714	0.117399497870878	0.0132182551566628	3.15082258280596
"AT1G17180"	0.103934186239155	2.03931771469712e-09	1.09215961596428e-07	46.9285714285714	0.116205171687751	0.0122709854485966	3.2433512594449
"AT3G15630"	0.103591530515989	2.06878243425024e-08	9.51039628581633e-07	36.9285714285714	0.11828107692135	0.0146895464053613	3.00935753093525
"AT2G42750"	0.10332479821607	4.5311465690645e-10	2.71095622308673e-08	56.3571428571429	0.114101557031193	0.0107767588151234	3.40432323088395
"AT1G76930"	0.103102621296559	1.7502999050123e-10	1.10879292722145e-08	63.2857142857143	0.113065152316308	0.00996253101974909	3.50449822504673
"AT4G17280"	0.103083228961633	0.00022148338630934	0.00563120575950408	12.4285714285714	0.14014654918341	0.0370633202217769	1.91887218907561
"AT4G16260"	0.102580271766571	1.65886304692719e-10	1.05977449824243e-08	64.7857142857143	0.112389460052923	0.00980918828635184	3.51822917703984
"AT2G23540"	0.102500881667068	6.06867709973535e-07	2.36427505510878e-05	26.2142857142857	0.121829376735123	0.0193284950680542	2.65606083480018
"AT2G40435"	0.101896734181063	8.87443961656853e-05	0.00245054809705135	14.4285714285714	0.134285477291065	0.032388743110002	2.05173890003018
"AT1G62380"	0.101614286744404	7.41628980449605e-14	6.42617249324063e-12	230	0.106776210556929	0.00516192381252479	4.37053759603988
"AT5G63660"	0.101014071815185	5.74084835225364e-09	2.85659308933756e-07	45.2857142857143	0.113609067046757	0.0125949952315719	3.17315549876436
"AT5G10580"	0.100805523062381	4.10707734488369e-09	2.10620425608202e-07	47.2857142857143	0.11300905080626	0.0122035277438789	3.21106816024615
"AT5G23830"	0.100583314687679	2.64401946525883e-06	9.29228006473365e-05	23	0.122146284717173	0.0215629700294942	2.50198217220677
"AT2G40330"	0.100092328103542	6.52629027850793e-05	0.00185387381874653	15.5	0.130473064916353	0.0303807368128111	2.102523240563
"AT5G13740"	0.0997771042481975	2.04357086808216e-10	1.2891597480366e-08	69.5714285714286	0.109141258245905	0.00936415399770769	3.54290411053648
"AT2G29340"	0.098957666884153	2.62662736005836e-09	1.37029967846367e-07	52.5	0.11028083028083	0.0113231633966773	3.28383306326488
"ATCG00730"	0.098201772148683	0.000135351577651877	0.00356764988856179	14.4285714285714	0.130590515258685	0.032388743110002	2.0114857297222
"AT4G15480"	0.0981321612021215	6.17859587863645e-05	0.00176095822423822	16.1428571428571	0.127436038000687	0.0293038767985653	2.12060987333452
"AT1G02920"	0.0980622730853028	4.9933345236397e-09	2.51787640845872e-07	50	0.109784615384615	0.0117223422993125	3.22734312139362
"AT1G03940"	0.0977871941778361	0.000146765830866813	0.00382835368854488	14.3571428571429	0.130320460460804	0.0325332662829674	2.00207602763507
"AT5G07990"	0.0974637450325703	1.37181443982115e-09	7.74638438546198e-08	59.5	0.107847663952459	0.0103839189198885	3.37657199846418
"AT3G16670"	0.0973355265049527	9.20497011946964e-12	6.57740921759449e-10	120.428571428571	0.104155497298948	0.00681997079399514	3.93282961518529
"AT1G76960"	0.0973121491013522	4.97845552827059e-06	0.000166800386666079	22.7142857142857	0.119104344095444	0.0217921949940919	2.4503426109058
"AT1G65490"	0.0972085829021822	0.00031184914233684	0.00761508538901048	12.9285714285714	0.132967670283381	0.0357590873811988	1.89469368932037
"AT4G35060"	0.0968261342660223	5.49150507479501e-05	0.00158927497330386	16.7857142857143	0.12513563394505	0.0283094996790277	2.14413451609406
"AT1G06830"	0.0968036053075448	2.41255027977338e-06	8.53850248078482e-05	25.0714285714286	0.116860939565301	0.0200573342577559	2.54259101293186
"AT3G11930"	0.0964846154683537	4.80622430742983e-10	2.86416774241579e-08	70.3571428571429	0.105781490019167	0.00929687455081318	3.50819760346409
"AT5G05440"	0.0964641811724129	4.02828942613898e-06	0.000138032999267948	23.7142857142857	0.117478254072825	0.0210140729004122	2.48296601588909
"AT1G78000"	0.0960288630174356	2.17953455283748e-09	1.16116051071133e-07	58.9285714285714	0.106481090626545	0.0104522276091095	3.34871490161455
"AT3G14620"	0.0959479163951928	1.2765518030422e-06	4.74053486070623e-05	27.5714285714286	0.114489392590818	0.0185414761956253	2.6263859241755
"AT5G07690"	0.0958486089985639	1.26365018395802e-05	0.00040109586996916	20.7857142857143	0.119352901795244	0.0235042927966803	2.3442374645946
"AT3G24300"	0.0952364458689279	7.36798965617069e-07	2.79816574423389e-05	29.9285714285714	0.112580637104877	0.0173441912359486	2.69843424362587
"AT1G66280"	0.0951300131231318	6.09060137712891e-06	0.000199626080354288	23.1428571428571	0.116580493123703	0.0214504800005712	2.44224457262467
"AT1G02850"	0.0949005174593366	1.49567267423434e-05	0.000465914398955188	20.7142857142857	0.118474343729992	0.0235738262706552	2.32931682269346
"AT1G21130"	0.0946711546335783	1.94704063982698e-09	1.05216959593804e-07	62.6428571428571	0.104701652028563	0.0100304973949851	3.38381915233932
"AT1G49310"	0.0945611111249202	1.63891492488411e-07	6.80714058470459e-06	36.4285714285714	0.109406441309555	0.0148453301846353	2.88161659265975
"AT5G53902"	0.0937719687191811	0.000415328187231112	0.00985363568304032	13.0714285714286	0.129176744602705	0.0354047758835242	1.86733047916722
"AT1G17190"	0.0935500844886273	1.87766863005701e-05	0.000576570467115468	20.6428571428571	0.117193925433769	0.023643840945142	2.30936146615757
"AT5G54510"	0.0934959806275176	0.00030767292420919	0.00753049460763305	13.7857142857143	0.127239347674796	0.033743367047278	1.91486903689611
"AT2G38530"	0.0934271527322928	7.18636261609618e-12	5.20907640206164e-10	161.785714285714	0.099357435590057	0.00593028285776422	4.06645511415037
"AT1G76955"	0.0933367692782675	0.00034507953382712	0.00837804207972863	13.5714285714286	0.12756019603665	0.0342234267583828	1.89812209204087
"AT3G03270"	0.093034756145088	3.46309314558368e-10	2.1137770736266e-08	84.7857142857143	0.101317837587408	0.00828308144231968	3.61257680719767
"AT3G01290"	0.0926529877714631	5.62444960605646e-08	2.4437990406488e-06	43.7142857142857	0.105580693815988	0.0129277060445248	3.02980784762256
"AT1G77760"	0.0923179586928621	2.39588837658289e-09	1.27192989625846e-07	66.4285714285714	0.10196714604623	0.00964918735336827	3.40155313362217
"AT1G52060"	0.0921876930136057	0.000190192875913597	0.00486848555203618	15.2142857142857	0.123076244877475	0.0308885518638691	1.99440819170745
"AT3G47640"	0.0921348886076663	1.75879511843391e-07	7.26502849332275e-06	38.5	0.106361171296236	0.0142262826885699	2.90234092833892
"AT2G34925"	0.0917948145484841	0.000218091276171783	0.0055637261773976	15	0.123076923076923	0.031282108528439	1.97615061790534
"AT3G22620"	0.0917388483609502	7.7130952735871e-09	3.7634413410962e-07	58	0.102304948321595	0.010566099960645	3.27536105874601
"AT5G47500"	0.0913614608746443	7.4735773125667e-12	5.3913457005535e-10	189.142857142857	0.0969170318185935	0.0055555709439492	4.12474313190554
"AT2G38310"	0.0911655854204215	3.43029604721323e-10	2.10238103674122e-08	92.6428571428571	0.0990294035082168	0.00786381808779526	3.65455509581875
"AT5G64100"	0.0909203294548418	3.10091619049047e-10	1.91608661491905e-08	95.2857142857143	0.0986586628263541	0.00773833337151232	3.67235094654578
"AT5G66985"	0.0908500735051468	6.76007112399013e-07	2.60004062082651e-05	33.6428571428571	0.106648108676589	0.0157980351714417	2.75504133657062
"AT5G19240"	0.0902599019788334	2.98828432043763e-06	0.000103811895620364	28.2142857142857	0.108455005977839	0.0181951039990054	2.5754744428629
"AT2G43820"	0.0897920633923546	0.000237211875420806	0.00597069022657679	15.3571428571429	0.120424345800225	0.03063228240787	1.9750023154736
"AT5G41080"	0.0896327574209903	0.000104071013778739	0.00283232738016921	17.5	0.116923076923077	0.0272903195020867	2.0990985102039
"AT1G58290"	0.0895170663293592	2.01794205234584e-07	8.29005785373796e-06	40.7142857142857	0.103151265478135	0.013634199148776	2.91945965433622
"AT1G72645"	0.0894739739674054	2.56981101953713e-08	1.16351473698382e-06	53.4285714285714	0.100658385339103	0.0111844113716972	3.16990612546058
"AT5G63600"	0.0893813369685197	5.81566794721766e-10	3.42511037657034e-08	93	0.0972277808906321	0.00784644392211237	3.63125772887671
"AT1G05240"	0.0888441318395798	4.81416593256512e-07	1.9100836780338e-05	37.0714285714286	0.103489940437383	0.014645808597803	2.82093078784743
"AT4G08770"	0.0879585835626024	0.000116403301457568	0.00312836466323664	17.7857142857143	0.114864152315161	0.0269055687525587	2.09395191177449
"AT1G18980"	0.087829699376413	5.71724316111855e-07	2.2447623734423e-05	37.2857142857143	0.102410529679654	0.0145808303032407	2.81221927728532
"AT2G29170"	0.0875627260723071	3.35424512851734e-05	0.00099160693730698	21.5714285714286	0.110332542769717	0.0227698166974095	2.27666379644756
"AT4G38080"	0.0871159453052021	6.65099753049958e-10	3.87170230761939e-08	102.428571428571	0.0945475319523393	0.00743158664713717	3.66929763406646
"AT5G63560"	0.0870140910888462	0.000366964694478833	0.00882412551619994	15.0714285714286	0.118163770597454	0.0311496795086074	1.92349854334149
"AT5G50560"	0.0869806951810756	0.000128932769568046	0.00342239325136873	17.8571428571429	0.113792	0.0268113048189244	2.0854857969802
"AT2G17500"	0.0868752991428948	1.41450067248083e-06	5.21428524180771e-05	33.9285714285714	0.102568421052632	0.0156931219097367	2.70838233142804
"AT2G39310"	0.0866220659771235	5.99929759204088e-08	2.59173093969055e-06	52.5	0.0979452293738008	0.0113231633966773	3.1126981588731
"AT2G36100"	0.0864178286476145	1.45790991434858e-06	5.3611970191789e-05	34.2142857142857	0.102007789500435	0.0155899608528201	2.70999011274922
"ATCG00270"	0.0862427219226609	4.90933799909277e-05	0.00142616741834916	21	0.109541252398395	0.0232985304757343	2.23316341331692
"AT4G21850"	0.086211681831747	3.43939724589681e-07	1.37548520627019e-05	41.8571428571429	0.0995647993749311	0.0133531175431841	2.89845916873209
"AT5G26280"	0.0860111563054807	5.37087041507789e-11	3.59896058880575e-09	187.071428571429	0.0915912646997542	0.00558010839427349	4.03684495929262
"AT5G57080"	0.0859711253267035	4.39210047953331e-06	0.000148808312202076	29.7857142857143	0.103382484936235	0.0174113596095312	2.56989101596903
"AT4G15620"	0.0858128435992103	1.46392309385845e-09	8.14308079304023e-08	95.8571428571429	0.0935249549258491	0.00771211132663876	3.6001535829063
"AT4G02270"	0.0858092074555236	3.21102424987174e-05	0.000953004185340871	22.5714285714286	0.107718191118287	0.0219089836627636	2.29766744265685
"AT2G22510"	0.0856958112859021	1.93778217449925e-06	6.97277848327569e-05	33.5714285714286	0.101520353797402	0.0158245425115002	2.68153330511144
"AT3G21510"	0.0854826740326811	9.47872058620902e-09	4.58047020122671e-07	71.8571428571429	0.0946551916517412	0.00917251761906005	3.36729196129992
"AT3G48720"	0.0853597554660084	0.000233601840141873	0.00591935284675465	16.7857142857143	0.113669255145036	0.0283094996790277	2.00548393451436
"AT2G34430"	0.0853480148053824	1.81139769850347e-09	9.89508807983218e-08	94.7142857142857	0.093112886626533	0.00776487182115057	3.58394683295266
"AT1G23090"	0.0850255010186795	0.000299910471358578	0.00736441396852325	16.2142857142857	0.114214997678678	0.0291894966599988	1.96823086626544
"AT2G26980"	0.0840900240614388	1.60728245772734e-05	0.000498621350106073	26	0.103550295857988	0.0194602717965494	2.41172791043176
"AT2G43150"	0.0840038808988748	5.87605408775005e-10	3.44720885140107e-08	126.928571428571	0.0906456214869318	0.00664174058805701	3.77060405371402
"AT5G52310"	0.0839285717210651	1.25043090157817e-05	0.000397737272217174	27.0714285714286	0.102750821626352	0.0188222499052865	2.44863893508333
"AT4G33666"	0.083869610077586	5.48053520788017e-07	2.16308977301595e-05	42.2142857142857	0.0971380107662929	0.0132684006887069	2.87204145709951
"AT5G07475"	0.0837855444418665	7.70172047699358e-05	0.00216639626178418	20.7142857142857	0.107359370712522	0.0235738262706552	2.18719027359471
"AT2G41560"	0.0834527149649316	3.16993572568869e-06	0.000109617249853689	33.3571428571429	0.0993574606274009	0.0159047456624693	2.64317100021256
"AT1G05000"	0.0831685836721681	2.0644669604164e-05	0.000628807441660567	25.6428571428571	0.102853377564157	0.0196847938919892	2.38543565870222
"AT5G24105"	0.0831154235642048	5.52173907434339e-05	0.00159485172459531	22.1428571428571	0.105383814936364	0.0222683913721595	2.24258406255557
"AT4G04745"	0.0829417612864784	6.83125151113018e-07	2.61408068612461e-05	42.1428571428571	0.0962269904757695	0.0132852291892912	2.85661849219325
"AT4G37410"	0.0826965458610264	2.42056152899295e-10	1.5143073100675e-08	172	0.0884729791571327	0.00577643329610633	3.93698603450346
"AT1G59870"	0.0823085800710462	5.03766861559285e-09	2.53176432390978e-07	93.2142857142857	0.090144663398726	0.00783608332767987	3.52403744185155
"AT2G46220"	0.0815599997320214	2.82142707419553e-07	1.14659450128426e-05	50.2857142857143	0.0932347127304514	0.0116747129984299	2.99748010831042
"AT1G55450"	0.0814800562459896	2.33577278929697e-06	8.2862226692307e-05	36.9285714285714	0.0961696026513509	0.0146895464053613	2.71079111010813
"AT3G45140"	0.0812234412362745	3.3283709122145e-11	2.28099310197536e-09	417.357142857143	0.0855672932016296	0.00434385196535513	4.30001261040311
"AT1G60590"	0.0807643064893422	0.000111913579952772	0.00301846340777806	20.9285714285714	0.104130956231738	0.0233666497423956	2.15587621559481
"AT3G29780"	0.0807597203898602	0.000348818339378831	0.00844162777337823	17.2857142857143	0.108346949819527	0.0275872294296666	1.97358605928397
"AT3G56705"	0.0807523735721272	3.26874505932606e-05	0.000968229258535541	25.4285714285714	0.100574907985588	0.0198225344134612	2.34305708261877
"AT2G38170"	0.0804504502864945	1.30640509521385e-09	7.40476301524029e-08	138	0.0868272664113874	0.00637681612489289	3.76723997720471
"AT1G03870"	0.0800110482499267	3.64629270110939e-08	1.63616532900673e-06	74.2142857142857	0.0889983043049079	0.00898725605498124	3.30782523700965
"AT3G09270"	0.0797914858468798	2.22044036490843e-08	1.01755560430773e-06	81.7857142857143	0.0882559007705363	0.00846441492365642	3.38221048501428
"AT4G25100"	0.0796922612342421	2.11385353665605e-11	1.45527715854627e-09	893.714285714286	0.0835008307429157	0.00380856950867356	4.45446941980505
"AT1G21310"	0.0793359709188601	2.57482146714949e-10	1.60415633306665e-08	240.571428571429	0.0844178157250471	0.00508184480618699	4.05412327776404
"AT5G43350"	0.079159696594073	5.22061988084133e-08	2.28811877742572e-06	72.7142857142857	0.0882634566617568	0.00910376006768377	3.27728180808685
"AT5G17170"	0.0790600491506736	3.98724941952366e-10	2.41428753004652e-08	215.428571428571	0.0843452345837503	0.00528518543307673	3.99628056487209
"AT3G23430"	0.0790492504652897	9.61176292957333e-06	0.000308333084445058	32.1428571428571	0.0954286799620133	0.0163794294967236	2.54253780824005
"AT4G39210"	0.0790152148358756	5.39697574752918e-06	0.000178443428389249	35.1428571428571	0.0942814869049253	0.0152662720690497	2.62662670360985
"AT3G16360"	0.0789326990041473	0.000251489139671768	0.00627765191859477	19.0714285714286	0.104249549774105	0.0253168507699574	2.04187129268276
"AT1G31580"	0.0771873089863055	5.69764235791581e-11	3.80103335532286e-09	916.714285714286	0.0809841118671909	0.00379680288088536	4.41478189048823
"AT4G19410"	0.0769874379014106	9.77620628894726e-09	4.67923372122089e-07	113.428571428571	0.0840221931879134	0.00703475528650282	3.57819830089449
"AT1G52200"	0.0769553658659978	9.67081891578569e-06	0.000309568867926329	34.2142857142857	0.0925453267188179	0.0155899608528201	2.56954283449471
"AT2G24945"	0.0768971244129464	3.01815624115243e-06	0.000104608601489322	41.2142857142857	0.0904064322330679	0.0135093078201216	2.7424716642782
"AT3G15650"	0.0766070615141122	2.46130619764307e-05	0.00074218227083729	29.7857142857143	0.0940184211236434	0.0174113596095312	2.43291458933771
"AT4G33960"	0.0765890525512397	6.63737203199233e-07	2.55937744568666e-05	53.2142857142857	0.0878050538264042	0.0112160012751645	2.96874556137355
"AT4G31910"	0.0765673817797454	5.03260033346553e-06	0.000167868396521371	38.4285714285714	0.0908138999652384	0.014246518185493	2.67230376197057
"AT4G13860"	0.0764588121321745	6.52919677491814e-05	0.00185387381874653	25.5	0.0962351758199509	0.0197763636877764	2.28278714356979
"AT1G80920"	0.075706272660057	6.17070207964421e-06	0.000201812744587409	38.2857142857143	0.0899934883561527	0.0142872156960957	2.65509582609967
"AT3G14940"	0.0749988357050075	1.66398623213659e-07	6.89228583019874e-06	72.7142857142857	0.0841025957726912	0.00910376006768377	3.20761588842558
"AT3G10020"	0.0749833784437425	0.000110475245797104	0.00298500946394791	24.2857142857143	0.0955815810487091	0.0205982026049666	2.21421417828983
"AT4G15610"	0.0749797587393172	2.26272756614909e-05	0.00068642139868873	31.7142857142857	0.0915354023462132	0.0165556436068959	2.46700673271802
"AT5G44130"	0.0749202262344132	7.67492849274021e-08	3.27804240467547e-06	84.5714285714286	0.0832158334269821	0.00829560719256887	3.32643856775207
"AT1G26770"	0.0743102340888121	2.36199172443108e-08	1.07588366251503e-06	112.571428571429	0.0813731251870601	0.00706289109824798	3.52622164232209
"AT5G66690"	0.0742679441293152	4.97287694534165e-06	0.000166800386666079	41.7142857142857	0.0876553545909898	0.0133874104616746	2.7109652974917
"AT5G58860"	0.0740778624828669	0.000238690182567725	0.00599788647095597	21.7142857142857	0.0967198487108459	0.022641986227979	2.09481146634756
"AT1G16410"	0.0740111144292112	4.68229249817043e-08	2.0763212939681e-06	98.8571428571429	0.0815905334933702	0.00757941906415901	3.42824259359317
"AT5G24155"	0.0739466757915017	6.4332530158584e-07	2.48702963384864e-05	59.9285714285714	0.0842802180707997	0.010333542279298	3.02785916045056
"AT2G05520"	0.0739113113774103	8.1882678415468e-10	4.71200436057256e-08	342.214285714286	0.078475678576682	0.00456436719927172	4.10375883386133
"AT1G74460"	0.0739089719024007	8.06423133823397e-05	0.0022515632571584	26.4285714285714	0.0931078271618812	0.0191988552594806	2.27788216169285
"ATCG00020"	0.0737150473812435	5.48510927789181e-08	2.39014429429985e-06	97.4285714285714	0.0813566340952586	0.00764158671401511	3.41231585443057
"AT2G01850"	0.0733468936027949	6.01595140625744e-06	0.000197608931050421	41.7857142857143	0.0867171282950376	0.0133702346922426	2.69729219175103
"AT5G44550"	0.0732255301637269	1.60987218578157e-06	5.89127255947299e-05	52.6428571428571	0.0845270284910618	0.0113014983273348	2.90289867892706
"AT4G23600"	0.0731145550539897	9.64775470624346e-09	4.63245852566983e-07	155.357142857143	0.0791520391881866	0.00603748413419697	3.71260712105589
"AT2G25810"	0.0726848361012194	0.000302806633069475	0.00742344001103816	21.5714285714286	0.0954546527986289	0.0227698166974095	2.06769284394728
"AT2G40205"	0.0723478187555678	8.03893951406565e-10	4.64379659209072e-08	489.285714285714	0.0765440361971664	0.00419621744159861	4.18912863366455
"AT3G18290"	0.0722156367394793	1.04269851797234e-06	3.89127860283885e-05	59.5	0.0825995556593678	0.0103839189198885	2.99178299716459
"AT5G48485"	0.0721905725702533	0.000141650998943477	0.00371575240098424	25.1428571428571	0.0922004132231405	0.0200098406528872	2.20406353805143
"AT1G02360"	0.0716899138220039	9.7663204330356e-05	0.00268698564176784	27.2857142857143	0.0903905721207879	0.018700658298784	2.27308324849994
"AT2G38380"	0.0714051662526918	1.51448934504472e-08	7.02583257084286e-07	161.142857142857	0.0773457843398993	0.00594061808720754	3.70263771297997
"AT5G67370"	0.0713197606845806	5.00195300734418e-08	2.19867188022531e-06	117.857142857143	0.0782156671611217	0.00689590647654108	3.50364550508388
"AT1G30510"	0.070937464208342	1.46137549839054e-08	6.8003575275414e-07	170.928571428571	0.0767291723557989	0.00579170814745694	3.72771438338326
"AT5G10130"	0.0708786696514043	0.000107292579665019	0.00290944284821852	27.5	0.0894596312778131	0.0185809616264088	2.26741164414889
"AT2G05070"	0.0708490775684881	2.41296078673514e-08	1.09578945125318e-06	148.642857142857	0.0770084273856649	0.00615934981717683	3.64416636244018
"AT1G78820"	0.0708167706346995	0.000130822955419108	0.00346646344262546	26.5714285714286	0.0899303610021612	0.0191135903674617	2.23420945509937
"AT5G24490"	0.0706411260218012	6.79594400754269e-08	2.91915805702909e-06	115.214285714286	0.0776186096104967	0.00697748358869547	3.47562385908712
"AT1G76680"	0.0705282535951019	4.72729996259247e-08	2.09013200985357e-06	127.428571428571	0.0771570372959904	0.00662878370088852	3.54098166412912
"AT5G25980"	0.070357946246624	3.42661921060028e-09	1.76928554240481e-07	325.928571428571	0.0749835122762723	0.00462556602964827	4.01887158011268
"AT2G38390"	0.0703130884011387	4.37499381100714e-06	0.000148562571370619	49.8571428571429	0.0820594500613548	0.0117463616602161	2.80445552278687
"AT1G33590"	0.0698815178830146	3.48821049711567e-07	1.39131612870405e-05	83.5714285714286	0.0782364279011222	0.00835491001810763	3.22714430584996
"AT3G20370"	0.069786934232442	1.26803655797758e-07	5.31060755128555e-06	105.642857142857	0.0770940177973328	0.00730708356489078	3.39925130540911
"AT5G18150"	0.0696659616209891	7.43071544484497e-06	0.000240413941549201	46.5	0.0820192641212412	0.0123533025002521	2.73106602005883
"AT1G23020"	0.0693550453849294	1.81101716660859e-05	0.000557238894305258	40	0.0831730769230769	0.0138180315381475	2.58956449462085
"ATCG00280"	0.069253278913454	0.000143163966780269	0.00374736654018422	27.4285714285714	0.0878739316239316	0.0186206527104777	2.23853159929704
"AT2G25980"	0.0692397004939114	0.000145491214005533	0.00380168290045307	27.3571428571429	0.0879002515526045	0.0186605510586931	2.23587570349474
"AT1G56220"	0.0685693423341082	3.17347840228521e-08	1.43253095422917e-06	172.714285714286	0.0743356976816945	0.00576635534758634	3.6883235421766
"AT5G07322"	0.0684580798031086	0.000362092020088745	0.0087348182190048	23.5	0.0896333182435491	0.0211752384404405	2.08165689160962
"AT3G49120"	0.0679736850747693	3.55467578483371e-07	1.41408566775561e-05	94.2142857142857	0.0757620421160413	0.00778835704127206	3.28208429014156
"AT1G52070"	0.0677371893783799	1.66004406119136e-05	0.00051287877685619	43.3571428571429	0.0807438750003393	0.0130066856219594	2.63409944549453
"AT2G21045"	0.0674349496384461	5.82919874037024e-07	2.28277478983278e-05	87.1428571428571	0.0755843135633515	0.00814936392490537	3.21332749146471
"AT4G23680"	0.0671380098887632	4.64987305870412e-05	0.00135340031092823	36.5	0.081960823938681	0.0148228140499177	2.4671151242682
"AT4G30650"	0.0669740121374018	4.25195767483899e-09	2.1731107072389e-07	701.142857142857	0.0709113898477903	0.00393737771038848	4.17071035182512
"AT3G17790"	0.0663603373106521	0.000134424498789532	0.00355018360765784	30.5714285714286	0.0834100391703676	0.0170497018597155	2.29047452409789
"AT4G15390"	0.0659800125937935	2.7136529539451e-05	0.000813394544465811	42.4285714285714	0.0791982677504563	0.0132182551566628	2.58293712557313
"AT3G16450"	0.065799631989252	4.44755499073857e-06	0.000150349297299025	61.6428571428571	0.0759386725693057	0.0101390405800537	2.90491363853795
"AT5G22580"	0.0657537370360384	1.39062042632254e-05	0.000438627283842363	48.9285714285714	0.0776596433562708	0.0119059063202324	2.70548763393432
"AT1G67750"	0.0655656344391233	0.000339578134926688	0.00825777345208012	26.0714285714286	0.0849817399714191	0.0194161055322958	2.12989902753155
"AT1G52342"	0.0655102902789655	1.67854163493075e-05	0.00051753317443458	47.6428571428571	0.0776473716780175	0.012137081399052	2.67751555220256
"AT5G09480"	0.0653139254682926	0.000175713673433942	0.00452860693053596	30.0714285714286	0.0825915865099801	0.0172776610416875	2.25708689749256
"AT1G78340"	0.0650109978778065	0.000104073049586373	0.00283232738016921	33.7857142857143	0.0807563546144597	0.0157453567366533	2.35864934365942
"ATCG00950"	0.0649315193168405	9.54418843956972e-09	4.59737153684961e-07	691.571428571429	0.068877170542732	0.00394565122589145	4.1256905379786
"AT2G05100"	0.0644021131869507	0.000234396526694547	0.0059295242163988	29.2857142857143	0.0820537226010159	0.0176516094140652	2.21676905764711
"AT5G24150"	0.0640704623495451	3.63991671293862e-05	0.00107395350843396	43.4285714285714	0.077061248135521	0.0129907857859758	2.56851685395274
"AT1G54000"	0.0639551960146334	4.11167005531787e-06	0.000139936003214509	69.5714285714286	0.0733193500123411	0.00936415399770769	2.96897343069035
"AT2G22470"	0.063873100568026	1.82127115122555e-06	6.56921175766209e-05	84.6428571428571	0.0721645254636762	0.00829142489565022	3.12159785559418
"AT3G01190"	0.0631484253421972	6.09076556332688e-05	0.00173921349239166	40.6428571428571	0.076800716958117	0.0136522916159198	2.49197664284896
"AT1G53560"	0.0629138039887359	0.000386500894247299	0.00924964124216909	27.7857142857143	0.0813380419515721	0.0184242379628362	2.14232531140935
"AT4G04830"	0.0628263735915219	3.35778253757191e-07	1.34679420693721e-05	149.071428571429	0.0689776167547269	0.006151243163205	3.48717837012459
"AT2G40300"	0.0625204232009972	2.02198880169258e-05	0.000617115893990262	52.9285714285714	0.0737789422409724	0.0112585190399753	2.71219203950744
"AT3G57157"	0.0623731424990241	5.98201636665685e-05	0.00171140153244944	42.2142857142857	0.0756415431877309	0.0132684006887069	2.51118431103991
"AT1G09560"	0.0621356230695232	3.31652031060337e-07	1.33698333483869e-05	161.928571428571	0.0680636203538302	0.00592799728430697	3.52126719951093
"AT1G20070"	0.0620594820376184	0.000134453461562156	0.00355018360765784	36	0.0770417853751187	0.0149823033375003	2.36238169999149
"AT2G28790"	0.0617974961383708	1.40714853297252e-05	0.000441072316665837	59.6428571428571	0.0721645424029877	0.0103670462646169	2.79928524593728
"AT3G57020"	0.0614242711709277	0.000102492795750808	0.00280450795196903	39.2142857142857	0.0754522533614176	0.0140279821904898	2.42725648299617
"ATCG00490"	0.061120073859228	4.55635821111633e-05	0.0013287468616828	47.5	0.0732836138930322	0.0121635400338041	2.59092748318402
"AT3G13610"	0.0610122342413583	0.000124227600356575	0.003309151114092	38.2857142857143	0.075299449937454	0.0142872156960957	2.39791453577289
"AT1G29920"	0.0609237983233046	8.84513607912751e-08	3.73552147521024e-06	377.214285714286	0.06537452357804	0.00445072525473536	3.87661617720474
"AT2G48130"	0.0609117779125322	0.00014170973207972	0.00371575240098424	37.3571428571429	0.0754711144395602	0.014559336527028	2.37397996480809
"AT1G77330"	0.0607335121616693	8.31059458837879e-05	0.00231605978944523	42.3571428571429	0.0739684261207143	0.013234913959045	2.48256076303605
"AT1G05835"	0.0603605777444724	0.000157855301097909	0.00408932023136284	37.3571428571429	0.0749199142715004	0.014559336527028	2.36340463572685
"AT3G32980"	0.0603185551971112	2.68923403545784e-07	1.09582652844859e-05	227	0.0655045627779428	0.00518600758083165	3.65889918212601
"AT1G02900"	0.0601523055103294	7.22229008495168e-05	0.00203914733353589	44.9285714285714	0.072820873157542	0.0126685676472126	2.52309862197152
"AT3G27690"	0.059940562657844	0.000415660429423204	0.00985363568304032	30.5714285714286	0.0769902645175595	0.0170497018597155	2.17492951563685
"AT3G22600"	0.0597859616779721	7.20788237240644e-06	0.000233705897911337	79.6428571428571	0.0683882643930101	0.00860230271503805	2.99095397033916
"AT4G21990"	0.0597792505754113	1.05770048619558e-06	3.93751857540018e-05	140.857142857143	0.0660944595850726	0.00631520900966124	3.38762695417267
"AT5G11070"	0.0595723854874734	5.71636879321824e-05	0.00164163223419717	48.7857142857143	0.0715033762029511	0.0119309907154777	2.58329751850355
"AT5G44020"	0.0592857022314336	7.32386933766094e-07	2.78843378797763e-05	171.285714285714	0.0650722975290084	0.00578659529757478	3.49125683867679
"ATCG00920"	0.0590631238770839	8.24009241950918e-08	3.49960206785746e-06	792.285714285714	0.0629317328298501	0.00386860895276617	4.02390085759423
"AT5G05960"	0.0590282373442545	9.66096268428807e-07	3.62334165151769e-05	158.928571428571	0.0650050945393453	0.00597685719509081	3.44309381057251
"AT1G32920"	0.0587042172764935	9.85501232770858e-05	0.00270644846748383	44.9285714285714	0.0713727849237061	0.0126685676472126	2.49412064915974
"ATMG01390"	0.058440691466029	0.00011634610992739	0.00312836466323664	43.7857142857143	0.0713527562043539	0.0129120647383249	2.46624944189085
"AT1G11580"	0.0579485884159621	1.64759958941607e-05	0.000510079240444068	72.9285714285714	0.0670354116333313	0.00908682321736924	2.88307548755293
"AT3G02885"	0.0578018617582888	0.000257507359737064	0.00641725365744745	37.4285714285714	0.0723397865464178	0.014537924788129	2.31496799416047
"AT4G29270"	0.0577957744761042	0.000220184315300354	0.00560763331382336	38.8571428571429	0.071921995608198	0.0141262211320938	2.34805746587531
"AT1G19550"	0.0576497640915445	5.57834849113092e-06	0.000184036674399958	101.428571428571	0.0651216944135016	0.0074719303219571	3.1235853311946
"AT5G59520"	0.0572543820518152	5.82999945435425e-05	0.00167108178276234	55.1428571428571	0.0681949128216142	0.010940530769799	2.63998139079011
"AT5G56540"	0.057030939336784	5.69054394138346e-05	0.00163733456114959	56.2142857142857	0.0678265982115545	0.0107956588747705	2.65139984159125
"AT2G36120"	0.0568743303176925	0.000123391826635788	0.00329270543396067	46.7857142857143	0.0691725872169902	0.0122982568992977	2.49174656878857
"AT2G44790"	0.056721328041591	6.71846657140929e-06	0.000218778230015416	104.142857142857	0.0640855566425856	0.00736422860099454	3.12139292763917
"AT3G22240"	0.0564321122399884	5.16746316869821e-06	0.00017160758192613	116.714285714286	0.0633628419344738	0.00693072969448545	3.1925578861883
"AT5G67480"	0.0560838500333939	8.53033832063366e-05	0.00236418953787121	53.6428571428571	0.0672369238843412	0.0111530738509473	2.59181234226609
"ATMG00020"	0.0554485155089136	7.60941367299317e-05	0.00214443233547137	57.4285714285714	0.0660865210876349	0.0106380055787213	2.63512835307782
"AT2G27385"	0.0553420606289518	2.32848876768887e-06	8.2798644222748e-05	182.071428571429	0.0609836977064427	0.00564163707749085	3.43423786339268
"AT4G13250"	0.0553284809834945	2.70642059074788e-06	9.44553315895968e-05	170.571428571429	0.0611253233914278	0.00579684240793325	3.3984310224772
"AT1G29418"	0.0552038325245878	1.51733253545006e-05	0.00047168706468001	92.4285714285714	0.0630781395600117	0.0078743070354239	3.00191523725055
"AT3G44990"	0.0550615650080316	1.70234793239743e-06	6.18465054861592e-05	222.357142857143	0.0602861262173232	0.0052245612092916	3.52844424863548
"AT2G18980"	0.0548648015303302	0.000321744498711585	0.00783673959139671	40.8571428571429	0.0684630055259426	0.0135982039956124	2.33190851023104
"AT3G08940"	0.0548140538673583	8.73376356347322e-07	3.3002243921425e-05	358.785714285714	0.0593218514089694	0.00450779754161109	3.71806899795625
"AT2G30930"	0.0546154817732616	0.00039359992187149	0.00938972471844376	39.2857142857143	0.0686240305149396	0.014008548741678	2.29240635948894
"AT1G70830"	0.0544495742787738	5.0170720278242e-06	0.000167721496593138	148	0.0606211721076586	0.00617159782888477	3.29610578972704
"AT3G61440"	0.0543229224010481	1.67415008545113e-06	6.10360472698647e-05	259	0.0592808005935419	0.00495787819249385	3.57977019937017
"AT5G24660"	0.0542806954280764	1.33602942421485e-05	0.000422291732261787	104.928571428571	0.0616147871496786	0.00733409172160227	3.07058641603128
"AT1G67360"	0.0542559066329043	0.000109008622585227	0.00295066966376565	56.2142857142857	0.0650515655076749	0.0107956588747705	2.59113248091782
"AT1G70782"	0.0539389199854674	1.80735525734388e-06	6.53465113068913e-05	268.142857142857	0.058841619306195	0.00490269932072755	3.58518875980794
"AT3G02020"	0.0538698837366295	2.93229690229158e-05	0.000875450304868319	84.4285714285714	0.0621738767529692	0.00830399301633976	2.90443140312737
"AT5G36910"	0.0538689473714688	0.000292964551793506	0.00721736363952728	44.1428571428571	0.0667035648655028	0.012834617494034	2.37772356562382
"AT1G07610"	0.0536492893927134	8.5749403933022e-07	3.24835116356325e-05	541.642857142857	0.0577627017007817	0.00411341230806837	3.81173062932614
"AT1G25275"	0.0536015747944044	1.67599148170883e-06	6.10360472698647e-05	304.785714285714	0.0583163487647511	0.00471477397034665	3.62863988031886
"AT1G64980"	0.0531330503675366	7.94252626591385e-05	0.00222169700391805	66.2857142857143	0.0627958360010976	0.00966278563356093	2.7001578359318
"AT1G10682"	0.0528116458299922	8.24065034599197e-06	0.00026604772005679	149.142857142857	0.0589615424137818	0.00614989658378966	3.26114020982103
"AT5G23010"	0.0527487709208392	4.05052165497466e-06	0.000138480079347059	212	0.0580654215844675	0.00531665066362827	3.44908970230334
"AT1G62560"	0.0522022129581309	0.000180904901544099	0.00465444232180952	55.7142857142857	0.063064785313306	0.0108625723551751	2.53746885809217
"AT1G16720"	0.051962494897177	0.000202583259761524	0.00517686069055	54.7857142857143	0.0629525755067793	0.0109900806096023	2.51806343433754
"AT2G23600"	0.0513492619071494	3.15319597904429e-05	0.000937687096174571	104.357142857143	0.0587052263536121	0.00735596444646267	2.99650253603818
"AT3G52360"	0.0508497760093872	0.000150553648447294	0.00392037540179593	64.7142857142857	0.0606661051378388	0.0098163291284516	2.62763516441771
"AT2G18328"	0.0507618013764192	0.000106661123350449	0.00289753109325174	72.6428571428571	0.0598712292658569	0.00910942788943767	2.71643053707247
"AT3G16400"	0.0499576236892004	1.49313803127216e-05	0.000465914398955188	172.142857142857	0.0557320347048485	0.00577441101564813	3.27076111967295
"AT5G64080"	0.0498585617763587	0.000263639320692843	0.00654841851414497	58.5	0.0603628966548099	0.0105043348784512	2.52267722339281
"AT5G41010"	0.049786331048094	8.44142041572793e-05	0.00234817888575517	85.5714285714286	0.0580240214577912	0.00823769040969713	2.81633847481781
"AT2G06850"	0.0496509049495359	2.60989692832947e-05	0.00078541748479887	137.928571428571	0.0560292939541704	0.00637838900463444	3.13491732040373
"AT4G30670"	0.0495287649759116	0.000265551929615304	0.00658507638620056	59.7857142857143	0.0598790192192127	0.0103502542433011	2.53238438467685
"AT2G29310"	0.0488021607826702	0.000294450459540463	0.00724213634337938	61.0714285714286	0.0590048219965118	0.0102026612138416	2.53188735229962
"AT3G16460"	0.0486921694906982	5.66812314223286e-05	0.00163400177084981	111.642857142857	0.0557860285830637	0.00709385909236543	2.97526127038573
"AT1G72430"	0.047773284175113	0.000396103745993304	0.00943452792786894	59.9285714285714	0.0581068264544109	0.010333542279298	2.4913727763899
"AT2G05440"	0.0474978095723974	1.33385887620685e-05	0.000422291732261787	315.071428571429	0.0521676896043632	0.00466988003196582	3.48169914784234
"AT1G56430"	0.0474374944345886	0.000273547112920602	0.00677220003531022	69.9285714285714	0.0567708794401935	0.00933338500560485	2.60467877699742
"AT2G18230"	0.0473430551653836	0.000126540624608484	0.00336482010092084	94	0.0551415537834732	0.00779849861808961	2.82187161490209
"AT5G02160"	0.0470441029395936	1.42351341807512e-05	0.000445276178512833	341.785714285714	0.0516100059154864	0.00456590297589279	3.49867868783029
"AT1G04040"	0.0467463521198798	0.000121904007865381	0.00326455901702726	102	0.0541951320498033	0.00744877992992357	2.86308722635937
"AT4G34950"	0.0456142874094561	0.000173191332381695	0.00447124266835413	100.285714285714	0.0531333099818745	0.00751902257241846	2.82099955189659
"AT1G37130"	0.0443568632594011	6.84414468357097e-05	0.00193600693047279	199.857142857143	0.0497936358330871	0.00543677257368598	3.19513897704272
"AT1G14870"	0.0443528402103662	0.000154136956675099	0.00399986729051717	124.857142857143	0.0510493648385139	0.00669652462814766	2.93040854806792
"AT4G13500"	0.0434606686402668	0.000249634330165449	0.00624168622869731	111.357142857143	0.0505641602502676	0.00710349161000082	2.83151493031744
"AT4G16370"	0.0431742639301836	0.000189056813678756	0.00484763533985478	134.142857142857	0.0496384125695438	0.00646414863936025	2.94092470147029
"AT5G64770"	0.0423470732478524	0.000151518119108185	0.00393868738240363	178.214285714286	0.048038534290718	0.0056914610428656	3.07732117711384
"AT2G39700"	0.0421357592630039	0.000359564541082658	0.00868774773381928	111.428571428571	0.0492368381125778	0.00710107884957388	2.79362798640233
"AT1G62480"	0.0416466910713884	0.000236229206501015	0.005955899241498	153.071428571429	0.0477244611417903	0.00607777007040191	2.97311490615344
"AT3G19030"	0.0408620511000012	0.000375242238395246	0.00899447890029431	132.571428571429	0.0473632365887679	0.00650118548876678	2.86499294942214
"AT3G48990"	0.0407785933479053	0.00024141165713798	0.00605617895951634	179.714285714286	0.0464504242676879	0.00567183091978263	3.03380534307419
"AT5G42650"	0.0404628179779801	0.000235638742386968	0.00595096368336401	196.714285714286	0.0459330968109643	0.00547027883298423	3.06984777582129
"AT3G62550"	0.0387656917615337	0.000288944946184921	0.00712998846747964	263.071428571429	0.0436985244225679	0.00493283266103425	3.14709631275099
"AT3G19710"	0.0386517951465006	0.000397059979891368	0.00944238693505071	201.928571428571	0.0440670543032564	0.00541525915675578	3.02459817445084
"AT1G66200"	0.0385712554771708	0.000167434142733569	0.00433002499141341	638.642857142857	0.0425671354043822	0.00399587992721142	3.41315486872261
"AT1G70890"	0.0383684424906024	0.000286226244716414	0.00707448047801538	305.714285714286	0.0430790394861493	0.00471059699554692	3.19300426722978
"AT1G78020"	0.0372160963272156	0.000312139203449524	0.00761508538901048	461.928571428571	0.041463046735165	0.00424695040794943	3.28732696322808
