"Gene"	"effect.size"	"p.value"	"q.value"	"Mean"	"CV2"	"TechNoise"	"BioVar"
"ATCG01020"	2.62548151157643	0	0	62.3571428571429	2.6363772254586	0.0108957138821689	7.9186522783278
"AT4G22505"	1.48837644402523	0	0	28.2142857142857	1.50845155485437	0.0200751108291455	6.23151660119585
"AT5G27889"	1.3864070288134	0	0	10.9285714285714	1.4329991423417	0.0465921135282999	4.94280815992886
"AT3G05727"	1.31332968765681	0	0	289.142857142857	1.31827581788378	0.004946130226969	8.05813631120408
"AT4G22490"	1.27883722069404	0	0	202.428571428571	1.28448412161307	0.00564690091902899	7.82951402297094
"AT4G22485"	1.22022438993742	0	0	23.3571428571429	1.24378577589587	0.0235613859584452	5.72216980754665
"AT5G45428"	1.0419558675486	0	0	44.4285714285714	1.05591260509014	0.0139567375415346	6.24138487796539
"AT1G31258"	1.02021749057892	0	0	40.7142857142857	1.03514548855269	0.0149279979737746	6.11566904546068
"AT4G19112"	1.00921565705052	0	0	11.5	1.05365711792933	0.0444414608788125	4.5673554082239
"AT4G22513"	1.00078213655423	0	0	113.285714285714	1.0082677301644	0.00748559361017363	7.07354633306318
"AT4G22517"	0.993429309427018	0	0	105.214285714286	1.00123521274919	0.0078059033221677	7.00299962548728
"AT1G55010"	0.942212506372209	0	0	9.14285714285714	0.997258112980769	0.0550456066085605	4.17926762837527
"AT4G22520"	0.929609030685111	0	0	50.1428571428571	0.942352490895116	0.0127434602100055	6.20843783849034
"AT2G14580"	0.800875126889585	0	0	7.85714285714286	0.864386522568341	0.0635113956787559	3.76658919889934
"AT5G42800"	0.793046280990186	0	0	13.4285714285714	0.831580596859003	0.0385343158688176	4.43164041345302
"AT2G14247"	0.791994166349537	0	0	69.7142857142857	0.802089362867716	0.0100951965181784	6.3120220797683
"AT1G25470"	0.785416937729663	0	0	8.21428571428571	0.846310891377054	0.0608939536473912	3.79681684253394
"AT4G29030"	0.783848472666152	0	0	42.5714285714286	0.798269655213036	0.0144211825468843	5.79061479413588
"AT5G59330"	0.777295524201674	0	0	7.07142857142857	0.847495938405029	0.0702004142033548	3.5936550062014
"AT4G12490"	0.776673757348615	0	0	7.71428571428571	0.841299989448138	0.0646262320995224	3.70242854039259
"ATCG01060"	0.742908010968267	0	0	6.07142857142857	0.824125632153314	0.0812176211850471	3.34299960555095
"AT1G77120"	0.739121233451529	0	0	10.0714285714286	0.789396911624164	0.0502756781726347	3.97281833254976
"AT5G38930"	0.719422481659435	0	0	11.6428571428571	0.76335926484596	0.0439367831865249	4.11886104962893
"AT5G04790"	0.698542061174266	0	0	14.5	0.734473612000366	0.0359315508260995	4.35338754956362
"AT5G36920"	0.686187765740245	2.91100477056716e-13	3.05073299955438e-11	4.57142857142857	0.79296875	0.106780984259755	2.89260925977314
"AT3G25572"	0.681526062802892	0	0	8.5	0.740484429065744	0.0589583662628525	3.65070094578795
"AT1G19070"	0.681359658553579	0	0	9.21428571428571	0.736004215722983	0.0546445571694039	3.75156432025307
"AT4G22880"	0.672876585735323	0	0	9.42857142857143	0.726354453627181	0.0534778678918576	3.76365988773511
"AT5G03552"	0.616698805173339	0	0	7.5	0.683076923076923	0.066378117903584	3.36326842463282
"AT1G29951"	0.550808782045788	0	0	8.07142857142857	0.612721916661145	0.0619131346153562	3.30691504768798
"AT4G22510"	0.545397154516793	7.19868609166952e-13	7.01225858006474e-11	5.78571428571429	0.630462054330367	0.0850648998135745	2.88977367858375
"AT3G13857"	0.543101685375388	1.4418066740518e-10	1.0740046185731e-08	4.71428571428571	0.646747192201738	0.103645506826349	2.6415443105738
"AT5G17220"	0.542326923653029	0	0	19.2857142857143	0.570163553867258	0.0278366302142286	4.3563193416664
"AT5G47990"	0.522018530986025	0	0	15.2142857142857	0.556418564353498	0.0344000333674735	4.01568868534076
"AT5G45430"	0.520523756075648	0	0	39.7142857142857	0.535744287801635	0.0152205317259863	5.13745389764556
"AT1G43800"	0.509362854103995	0	0	9.57142857142857	0.562091951265487	0.0527290971614921	3.4141349568325
"AT5G38940"	0.505074351977911	0	0	18	0.534662867996201	0.0295885160182902	4.17552023937482
"AT3G02480"	0.504874705262261	1.10216280546638e-11	9.51617385901539e-10	5.71428571428571	0.590961538461538	0.0860868331992772	2.77919973613995
"AT1G52400"	0.470176246494766	0	0	35.2857142857143	0.486891593547988	0.0167153470532221	4.86435537748992
"AT3G12900"	0.468667226512546	0	0	25.0714285714286	0.490843917975191	0.0221766914626449	4.46814828787496
"AT5G03545"	0.4658906470644	0	0	30.9285714285714	0.484494474957916	0.0186038278935159	4.70280881004969
"AT5G07840"	0.459946441022452	2.79776202205539e-13	2.97306235574502e-11	7.35714285714286	0.527549178128875	0.0676027371064232	2.96415202332071
"AT5G57080"	0.458992078287526	0	0	21.4285714285714	0.484376068376068	0.0253839900885423	4.25413681922897
"AT1G13609"	0.449112845857025	0	0	37.5714285714286	0.465012672417724	0.0158998265606985	4.87018709931949
"AT4G35770"	0.441150397032077	0	0	71.6428571428571	0.45106294736467	0.00991255033259322	5.50792868393786
"AT2G16005"	0.440907621846444	2.22044604925031e-16	3.06744528767343e-14	9.85714285714286	0.492204288045498	0.0512966661990536	3.26232025411783
"AT5G09672"	0.432990733022183	4.44089209850063e-16	5.91963125691364e-14	9.85714285714286	0.484287399221237	0.0512966661990536	3.238926493253
"AT5G51720"	0.428909985801982	0	0	43.1428571428571	0.44318400340066	0.0142740175986787	4.95644244722985
"AT4G13493"	0.424250169867899	0	0	19.0714285714286	0.452362377624339	0.0281122077564405	4.00821028379641
"AT4G11210"	0.420323710903365	1.66533453693773e-15	2.09143996886825e-13	9.85714285714286	0.471620377102419	0.0512966661990536	3.20068908119952
"AT1G14960"	0.419367055712579	2.22044604925031e-15	2.69935185315262e-13	9.78571428571429	0.4710139878769	0.0516469321643214	3.18901534428164
"AT5G09520"	0.416748875062158	8.43769498715119e-15	9.86301638651919e-13	9.42857142857143	0.470226742954016	0.0534778678918576	3.1363427380394
"AT4G10270"	0.415387162910515	4.94732033118339e-11	3.91559790378452e-09	6.78571428571429	0.488404005966333	0.0730168430558175	2.74177383447605
"AT1G55990"	0.414854996169496	2.22044604925031e-15	2.69935185315262e-13	9.92857142857143	0.465806436201343	0.0509514400318472	3.1925357471568
"AT2G36030"	0.413918775239659	6.26054763586126e-13	6.13776012093856e-11	8.14285714285714	0.475317849279068	0.0613990740394089	2.95260377561521
"AT5G24770"	0.409574464323396	3.49376083619291e-12	3.21764785859317e-10	7.71428571428571	0.474200696422919	0.0646262320995224	2.87530599580679
"AT2G33790"	0.40321436412616	5.58679769113724e-11	4.39880713546743e-09	7	0.474097331240188	0.0708829671140282	2.74167237142827
"AT1G14250"	0.375293406251662	7.24438398158611e-10	5.12026320856663e-08	6.78571428571429	0.448310249307479	0.0730168430558175	2.61819628367473
"AT1G52000"	0.373540193891723	1.12676534769207e-12	1.07687586311501e-10	9.07142857142857	0.428993165678639	0.0554529717869163	2.95161798101235
"AT1G47400"	0.372239252822697	0	0	44.5	0.38617890126538	0.0139396484426837	4.79200326328443
"AT3G07273"	0.370842924176904	0	0	13.6428571428571	0.408823982136117	0.0379810579592136	3.42812783177845
"AT1G25472"	0.368892640154951	3.59490215373626e-13	3.66631765960914e-11	9.64285714285714	0.421255671626042	0.0523630314710911	3.00807558306568
"AT5G15120"	0.365454625867903	2.6008901699015e-09	1.68902252230014e-07	6.57142857142857	0.4407445106878	0.0752898848198974	2.5494146441613
"AT2G47880"	0.358771017878391	0	0	19.7857142857143	0.385987847338836	0.027216829460445	3.82598450608706
"AT1G64220"	0.358427760286638	1.77635683940025e-14	2.02958785951325e-12	11.2142857142857	0.403917150641156	0.0454893903545182	3.15045740033381
"AT5G48010"	0.357948800589695	4.44089209850063e-16	5.91963125691364e-14	12.7857142857143	0.398254159934507	0.0403053593448123	3.30464584171905
"AT4G22230"	0.354768537984503	2.14127238162831e-08	1.26119283376837e-06	6.07142857142857	0.43598615916955	0.0812176211850471	2.42441765855721
"AT5G48000"	0.351228645601765	0	0	16.9285714285714	0.38248034434543	0.0312516987436651	3.61337909228522
"AT3G27027"	0.344578636266303	3.51323381941882e-07	1.69482860698058e-05	5.28571428571429	0.437377086025735	0.0927984497594321	2.23670503048353
"ATCG00710"	0.343906438960515	0	0	14.8571428571429	0.379053823395539	0.0351473844350241	3.43091347980071
"AT1G08115"	0.343830120972956	0	0	26.2142857142857	0.365184296359077	0.0213541753861205	4.09603463495371
"AT1G02710"	0.337027837153379	6.28855511330961e-07	2.92521717246635e-05	5.21428571428571	0.431052152951196	0.0940243157978166	2.19675662326398
"AT2G37770"	0.335035662332576	1.03472785895065e-12	9.95172439532533e-11	10.5	0.383394383394383	0.0483587210618074	2.98698120674324
"AT2G19590"	0.332255605566988	9.45383771266961e-11	7.14728944685211e-09	8.71428571428571	0.389845575010853	0.0575899694438651	2.7590132974599
"ATCG00330"	0.329851353329147	0	0	33.4285714285714	0.347311429165473	0.0174600758363252	4.31409815673456
"AT2G43670"	0.329828626158727	2.51506144799407e-08	1.44768461226204e-06	6.57142857142857	0.405118510978624	0.0752898848198974	2.42781604997823
"AT2G01520"	0.329180753464212	0	0	93.8571428571429	0.337530653912714	0.00834990044850215	5.33711572360584
"AT2G01530"	0.323158988852687	0	0	86.2857142857143	0.331951112130709	0.00879212327802238	5.23861536002492
"AT4G33610"	0.319423512992992	7.23197057794778e-11	5.6069910664538e-09	9.28571428571429	0.373673190714611	0.054249677721619	2.78409058873274
"AT4G39675"	0.315468308093553	2.16049400592055e-13	2.32843027758644e-11	12.1428571428571	0.357732233164759	0.0422639250712065	3.08138145462919
"ATCG00820"	0.314501552386388	5.00377517198558e-13	5.06915783423286e-11	11.7857142857143	0.357945892491347	0.0434443401049593	3.04250138334554
"AT3G08770"	0.311910557315327	0	0	141.428571428571	0.318565295534993	0.00665473821966545	5.58106338284338
"AT5G39890"	0.311831148980936	9.0872112878948e-07	4.12206754420446e-05	5.57142857142857	0.400040459212057	0.088209310231121	2.18114307726656
"AT3G45140"	0.306794495595211	0	0	64	0.317495492788462	0.0107009971932509	4.89091896297571
"AT3G06390"	0.30325722467157	0	0	20.6428571428571	0.329481392519431	0.0262241678478604	3.65122809258274
"AT1G47395"	0.299621631443893	0	0	75.5714285714286	0.309190960911045	0.00956932946715135	5.01393649585817
"AT4G08555"	0.296918868261844	1.4432899320127e-15	1.84304485771975e-13	16.0714285714286	0.329660778727445	0.0327419104656011	3.33177184355434
"AT2G16060"	0.295152102586633	0	0	31.2142857142857	0.313615943304531	0.0184638407178989	4.08622431509672
"ATCG00520"	0.293694844430785	1.26956419155277e-07	6.47392532041475e-06	6.85714285714286	0.365985576923077	0.072290732492292	2.33990418073686
"AT1G21520"	0.288653480904752	1.84279374518814e-05	0.000681340480580998	4.78571428571429	0.39080144627037	0.102147965365618	1.93577533837958
"AT5G56080"	0.288238343875108	0	0	29.9285714285714	0.307353175074366	0.0191148311992584	4.00713302365428
"AT4G02380"	0.286094405816148	0	0	1876.07142857143	0.289656762256452	0.00356235644030349	6.34536865993624
"ATCG00340"	0.27989880583908	0	0	34.3571428571429	0.296976453381379	0.0170776475422993	4.12016738587823
"AT1G05065"	0.278833661615851	3.23570617888347e-06	0.000135081843665696	5.78571428571429	0.363898561429426	0.0850648998135745	2.09690048491999
"AT1G63245"	0.274237739324456	4.14543730098416e-06	0.000169338885015471	5.78571428571429	0.35930263913803	0.0850648998135745	2.07856366923363
"AT5G53450"	0.273346686456891	0	0	83.2142857142857	0.282341145748466	0.0089944592915745	4.97225902328946
"AT1G11600"	0.272555764560716	2.89835373823433e-06	0.000121666804989527	6	0.354700854700855	0.0821450901401385	2.11035655450848
"AT4G12550"	0.268008751492018	0	0	27.9285714285714	0.288255370064097	0.0202466185720793	3.83159459899984
"AT5G04150"	0.266769297237593	8.6634852625167e-09	5.28716152808047e-07	9.14285714285714	0.321814903846154	0.0550456066085605	2.54753181477368
"AT1G65970"	0.266003885400209	0	0	29.5714285714286	0.285309593438138	0.0193057080379285	3.88542888658129
"AT5G18404"	0.265243761701606	6.62718846466959e-09	4.07719659551089e-07	9.35714285714286	0.319104588669299	0.0538608269676934	2.56672106851843
"ATCG00350"	0.261337837446712	0	0	30.3571428571429	0.280229544849614	0.0188917074029022	3.8907840671583
"AT3G16360"	0.258215302718133	1.20445884377318e-08	7.23437019366691e-07	9.35714285714286	0.312076129685826	0.0538608269676934	2.53458972557633
"AT5G04238"	0.258000474438285	5.66324764861292e-13	5.66175732028434e-11	15.5714285714286	0.29168743889727	0.0336869644589848	3.11416092216476
"AT1G58150"	0.255652423358732	6.25529661402169e-09	3.87981581006831e-07	9.85714285714286	0.306949089557785	0.0512966661990536	2.58106241828635
"AT3G44006"	0.247693155730467	1.25899290992493e-13	1.37637814814527e-11	17.7142857142857	0.277705515088449	0.0300123593579825	3.20992718570342
"AT1G26250"	0.246024158481771	5.03412451502427e-07	2.39057987907215e-05	7.78571428571429	0.310087858442374	0.0640636999606035	2.27509801039888
"AT4G12545"	0.245281964391035	0	0	47.7142857142857	0.258505559125875	0.0132235947348404	4.2890089847509
"AT5G26260"	0.243209490498346	0	0	67.2857142857143	0.253549579688571	0.0103400891902247	4.61594734780359
"AT5G23940"	0.24174788400965	0	0	26.3571428571429	0.263004260228135	0.021256376218485	3.62911859628114
"AT1G62500"	0.239994816540925	2.90434343241941e-13	3.05073299955438e-11	17.9285714285714	0.269688026929976	0.0296932103890508	3.18308648403133
"AT4G30140"	0.239087548482491	0	0	50.6428571428571	0.251737873828225	0.012650325345734	4.31467589125147
"AT5G24660"	0.238599871652698	1.45201517476323e-10	1.07633280954644e-08	13.3571428571429	0.277322551622646	0.0387226799699483	2.84031423071392
"AT3G47340"	0.237868209845801	1.11022302462516e-16	1.57672421329008e-14	25.2142857142857	0.259938009169606	0.0220697993238048	3.55802218918497
"AT5G49350"	0.237606949187567	2.72136908774367e-06	0.000114553807915105	7.14285714285714	0.307138461538462	0.0695315123508949	2.14315031125692
"AT2G23540"	0.2372476463079	0	0	37.2857142857143	0.253243944880885	0.0159962985729846	3.9847177545647
"AT3G58550"	0.236713543533493	0	0	51.7857142857143	0.249157742614104	0.0124441990806114	4.32351412136009
"AT3G29250"	0.23645745734159	1.11022302462516e-16	1.57672421329008e-14	25.5714285714286	0.258265251492679	0.0218077941510892	3.56593779344687
"AT5G09670"	0.233892952254595	4.34048352815353e-11	3.52716511731663e-09	14.6428571428571	0.269506246281975	0.0356132940273801	2.91983092228339
"AT3G01940"	0.233792822267356	1.91515132963449e-06	8.19792664933119e-05	7.5	0.30017094017094	0.066378117903584	2.17700468637576
"AT1G56320"	0.232290772472619	2.83378921439592e-08	1.61544525120977e-06	10.2142857142857	0.28190959121567	0.0496188187430506	2.50627326751996
"ATCG00720"	0.23179411072834	2.51909604287448e-13	2.69578756813525e-11	19.0714285714286	0.259906318484781	0.0281122077564405	3.20872304355501
"AT5G06980"	0.231605474493031	4.47531351441821e-05	0.00152824413854155	5.71428571428571	0.317692307692308	0.0860868331992772	1.88376565596643
"AT4G36850"	0.231080515326655	0	0	132	0.237974147065056	0.00689363173840113	5.10939680972473
"AT4G30270"	0.23012503180382	0	0	108.571428571429	0.23779192414234	0.00766689233851923	4.9549139879718
"AT3G22231"	0.229867205587626	0	0	33.7142857142857	0.24720736746735	0.0173401618797238	3.83353246814093
"AT2G25160"	0.229562256376837	2.71855313730418e-05	0.000969744917241181	6.07142857142857	0.310779877561885	0.0812176211850471	1.93602841753111
"AT5G09530"	0.229350227240124	1.11022302462516e-16	1.57672421329008e-14	27.9285714285714	0.249596845812203	0.0202466185720793	3.62384681692224
"AT1G21100"	0.223737275022171	2.8267610474586e-11	2.34729294410825e-09	16	0.256610576923077	0.0328733019009057	2.96459235859566
"AT1G02850"	0.220820873217681	0	0	32.5714285714286	0.238653313445557	0.0178324402278767	3.74234032385646
"AT2G41240"	0.22057669731544	1.22124532708767e-15	1.58615760601917e-13	26.4285714285714	0.241784570433219	0.0212078731177792	3.5110503323199
"ATCG01080"	0.22045816434486	1.79606902072083e-05	0.000667312098749967	6.64285714285714	0.294974074370536	0.0745159100256766	1.98496776384439
"AT3G13610"	0.219450347204378	0	0	66.6428571428571	0.22985824855119	0.0104079013468118	4.46499334124903
"AT4G20390"	0.219370883862017	0	0	35.4285714285714	0.236032178019691	0.0166612941576743	3.82441118331657
"AT3G54363"	0.218699292954289	3.84819032195338e-09	2.45702101396654e-07	12.5714285714286	0.259635251112524	0.0409359581582347	2.66504570479966
"AT4G38080"	0.214845120916706	0	0	128.714285714286	0.221830226865944	0.00698510594923776	4.98903015368753
"ATCG00070"	0.214692022994936	6.99440505513849e-15	8.23930071456469e-13	25.6428571428571	0.236448291894789	0.0217562688998532	3.44202165244419
"AT1G02930"	0.21468571540247	1.827025530865e-09	1.22306079149888e-07	13.5	0.253033660441068	0.0383479450385982	2.72210814099941
"AT1G52060"	0.213284701684021	2.22566409746605e-12	2.07491973160087e-10	19.6428571428571	0.240675397329943	0.027390695645922	3.13533086010145
"AT5G50562"	0.208159898505295	3.44169137633799e-15	4.1507890599073e-13	28.0714285714286	0.228320326799436	0.0201604282941418	3.5014611115669
"AT5G07842"	0.207347165660449	7.57816299379321e-07	3.47908655147075e-05	9.42857142857143	0.260825033552306	0.0534778678918576	2.28606849077338
"ATCG00730"	0.206727260942086	3.70470321087168e-12	3.39136566219314e-10	20.1428571428571	0.233520214507086	0.0267929535650004	3.12362190828095
"AT5G64110"	0.205792514163597	1.87141577012717e-06	8.03334294995833e-05	8.85714285714286	0.262507003922196	0.056714489758599	2.21056663991942
"AT4G31940"	0.204269414687487	0	0	215.857142857143	0.209770950176737	0.00550153548924983	5.25283675817982
"AT5G37990"	0.203550767405906	0	0	42.3571428571429	0.218028160510579	0.0144773931046727	3.91264073579278
"AT5G58860"	0.200957527117329	9.43689570931383e-15	1.0946799022804e-12	28.5714285714286	0.220823076923077	0.0198655498057482	3.47455031996925
"AT2G22510"	0.200172694382828	1.33226762955019e-15	1.71568973717328e-13	31.6428571428571	0.218431294309388	0.0182585999265599	3.58053151521978
"AT5G46900"	0.197241261755911	2.15338857856295e-12	2.03247781613929e-10	22.4285714285714	0.221641071411853	0.0243998096559421	3.18328344773865
"AT2G18370"	0.196423970402521	0	0	51.2857142857143	0.20895721933113	0.0125332489286096	4.0593752531148
"AT5G63160"	0.195332069032515	0	0	143.428571428571	0.201940170668842	0.00660810163632661	4.93354823871485
"AT2G35380"	0.194994820299458	5.91656723614165e-11	4.6344410165159e-09	19.0714285714286	0.223107028055898	0.0281122077564405	2.98846729688669
"AT5G08210"	0.1946826169679	9.22352194621112e-11	7.00803197473121e-09	18.6428571428571	0.223364985156503	0.0286823681886031	2.96116699407381
"AT5G09978"	0.193331092488772	0.000252889784777777	0.00709024570015331	5.85714285714286	0.277398984121173	0.0840678916324013	1.72233570747259
"AT5G59320"	0.193056104802065	8.09020125336346e-08	4.28357833610143e-06	12.2857142857143	0.234867079918459	0.0418109751163944	2.4898909171058
"AT5G09480"	0.19246397192382	0	0	44.5	0.206403620366504	0.0139396484426837	3.88820219410991
"AT2G05540"	0.190851292840042	0	0	92.5714285714286	0.199271188725921	0.00841989588587904	4.56478693138983
"AT5G64120"	0.190528906365469	5.77315972805081e-15	6.85382306464533e-13	32.5	0.208393263541193	0.017864357175724	3.54415273566154
"AT1G13650"	0.190310947616683	3.30068494758251e-08	1.85041588588375e-06	13.3571428571429	0.229033627586632	0.0387226799699483	2.56430872672816
"AT4G17215"	0.190223211598071	5.12523357087957e-12	4.58135584371094e-10	22.7857142857143	0.214292463562813	0.0240692519647418	3.15431790197891
"AT4G34800"	0.189626526115903	2.08735636664237e-06	8.90996273806107e-05	9.78571428571429	0.241273458280225	0.0516469321643214	2.2239146575836
"AT1G16410"	0.189443994871531	1.03563746467472e-09	7.21905821706287e-08	16.8571428571429	0.220814089673613	0.0313700948020817	2.81537043612912
"AT1G27140"	0.18890826379863	5.31116564506107e-07	2.49871433877238e-05	11	0.235219326128417	0.0463110623297874	2.34457784346239
"AT5G58390"	0.187829990208085	2.56394001362237e-05	0.000918906425636922	7.85714285714286	0.25134138588684	0.0635113956787559	1.98456086591484
"AT4G37483"	0.187130777597341	2.00691685492416e-11	1.70374907974455e-09	21.7142857142857	0.212224323460473	0.0250935458631321	3.08020176451988
"AT5G01600"	0.186105434010003	0	0	72.9285714285714	0.195901586904051	0.00979615289404857	4.32176998297496
"AT1G49860"	0.185829900551883	0	0	79.1428571428571	0.195116779635019	0.00928687908313577	4.39300019092672
"AT2G38390"	0.185176514912772	0	0	55.3571428571429	0.197031425598335	0.0118549106855633	4.05486905243492
"AT3G52790"	0.18514050067207	5.02361793275341e-08	2.70705312433053e-06	13.5	0.223488445710668	0.0383479450385982	2.54297907157752
"AT4G08780"	0.183993938832886	0.000234712627044775	0.00666671603845309	6.28571428571429	0.26255562619199	0.0785616873591034	1.74072528938367
"AT1G47600"	0.183716386160079	3.29736238313671e-14	3.73930737120489e-12	31.9285714285714	0.201841219903469	0.0181248337433904	3.47718116426679
"AT5G42510"	0.182262315788871	7.4786764050927e-05	0.00242315493927055	7.28571428571429	0.250495371602638	0.0682330558137669	1.87624121314403
"ATCG00840"	0.181891721940889	3.43155892590374e-09	2.2002518750225e-07	16.6428571428571	0.213623102569298	0.0317313806284085	2.75108547852143
"AT5G13580"	0.181402099135664	7.23477616471069e-05	0.00234913800425093	7.35714285714286	0.249004836242088	0.0676027371064232	1.88102019821041
"AT4G33310"	0.180049975097042	1.23349860946531e-05	0.000466274747995892	8.92857142857143	0.236337230769231	0.0562872556721891	2.06996670307244
"AT1G60960"	0.179178284601725	0.000151749480312047	0.00449843697106482	6.85714285714286	0.251469017094017	0.072290732492292	1.79849804600245
"AT5G20740"	0.178919918680659	3.07285645321231e-05	0.00108341361167087	8.21428571428571	0.23981387232805	0.0608939536473912	1.97754422501562
"AT1G51470"	0.177892221913042	1.85363345728273e-06	7.97955071299388e-05	10.7857142857143	0.225057605435659	0.0471653835226169	2.25449401489922
"AT1G68850"	0.177861776603507	5.01638211243272e-05	0.00168275811436043	7.85714285714286	0.241373172282263	0.0635113956787559	1.92617795578001
"AT2G03200"	0.177238262826322	1.2990375221289e-05	0.000489830624969497	9.07142857142857	0.232691234613239	0.0554529717869163	2.06908018279953
"AT3G25820"	0.176931484378869	0	0	64.0714285714286	0.187624242142648	0.0106927577637795	4.13314035356741
"AT5G58570"	0.176566060785028	2.50027776260708e-11	2.09912822544626e-09	23.7142857142857	0.19982245943924	0.0232563986542121	3.1030191346398
"AT4G25400"	0.17524726369596	2.35348716215444e-06	9.96200304069608e-05	10.7857142857143	0.222412647218577	0.0471653835226169	2.23743852340144
"AT5G37690"	0.175200313657471	2.22377671832419e-12	2.07491973160087e-10	27.7142857142857	0.195577883695643	0.0203775700381724	3.26268930694512
"AT5G63560"	0.175088668680047	1.71228187184624e-09	1.15132014710511e-07	18.5	0.203966960723717	0.0288782920436706	2.82027815419828
"AT2G47200"	0.174036465342417	1.13294062020763e-07	5.8162721840119e-06	13.9285714285714	0.211306326809285	0.037269861466868	2.50325460259173
"AT3G45070"	0.173178888123268	8.343361468377e-08	4.40228197477281e-06	14.3571428571429	0.209435029216718	0.03625614109345	2.53020547576887
"AT1G05340"	0.173160189775748	7.32090316146738e-08	3.90345419093538e-06	14.5	0.209091740601848	0.0359315508260995	2.54081296537342
"AT5G63660"	0.171669165166881	3.33066907387547e-16	4.51900421844747e-14	48.2142857142857	0.184789954626992	0.013120789460111	3.81595989980674
"AT2G37130"	0.171664012364718	0	0	81.0714285714286	0.180808715629884	0.00914470326516591	4.30538405530853
"AT3G48340"	0.171487552280838	1.29398713966111e-11	1.110928168039e-09	26	0.192990441511152	0.0215028892303135	3.16592696971861
"AT5G13900"	0.170477835325928	1.75440512040215e-06	7.57384665046336e-05	11.5	0.21491929620474	0.0444414608788125	2.27381687191676
"AT1G65510"	0.168566646291858	1.10748101870284e-05	0.000421786505268379	9.85714285714286	0.219863312490912	0.0512966661990536	2.09966991647327
"AT3G46700"	0.167702638607365	4.23753931279025e-05	0.00146682568102872	8.64285714285714	0.225741200947812	0.0580385623404478	1.95958606642019
"AT4G28940"	0.167589065934055	9.55544771086281e-08	4.97275970596819e-06	14.9285714285714	0.202584119481626	0.0349950535475712	2.53329816537576
"AT5G53486"	0.166129874270604	4.40586552137301e-05	0.00151313395264562	8.71428571428571	0.223719843714469	0.0575899694438651	1.95780376592244
"AT2G47270"	0.163883545725174	2.92324203288175e-07	1.42834681452318e-05	14.1428571428571	0.200638867305534	0.0367553215803604	2.44857605936899
"AT2G48130"	0.163516739427244	5.61217738948017e-13	5.6478574576517e-11	34.5	0.180537379025092	0.0170206395978482	3.40694041171214
"ATCG00540"	0.163332796121824	9.75133464842237e-05	0.00304273678269869	8.14285714285714	0.224731870161233	0.0613990740394089	1.87191593004965
"ATCG00270"	0.161284492894573	2.16081708082072e-10	1.57864309423806e-08	24.3571428571429	0.184014453052387	0.0227299601578144	3.01715202392569
"AT2G43535"	0.160938975600256	0	0	88.9285714285714	0.169568183143448	0.00862920754319163	4.29649360890682
"AT1G66100"	0.160532875315444	0	0	181.571428571429	0.166448190165553	0.00591531485010908	4.81447441366424
"ATMG01390"	0.160166634686902	7.7715611723761e-16	1.0269273354385e-13	54.5	0.172155930930445	0.0119892962435428	3.84389700195331
"AT2G39530"	0.159009498629426	6.09512440519211e-12	5.38497153844763e-10	31.5	0.177335891621606	0.0183263929921798	3.27448979067561
"ATCG00905"	0.158717471309401	0.00015391836129286	0.00454163770525494	8	0.221153846153846	0.0624363748444454	1.82459165311936
"AT4G30730"	0.158479806905672	2.21434144698218e-06	9.4255273468743e-05	12.5	0.199630769230769	0.0411509623250968	2.27833602749146
"ATCG00950"	0.158087005428681	0	0	919.214285714286	0.161911814255451	0.00382480882676945	5.40367680849992
"AT2G07732"	0.157903588165909	1.16551213125149e-12	1.1069451466561e-10	35.5	0.174538019013322	0.0166344308474121	3.39129691805332
"AT1G70850"	0.157412672391066	0	0	136.857142857143	0.164179126995276	0.0067664546042099	4.60072680286631
"AT5G46890"	0.157111623426007	0	0	94.9285714285714	0.165404642706438	0.00829301928043064	4.317958473083
"AT1G18970"	0.156839823977887	2.1409549222362e-07	1.07372775571952e-05	15.5	0.1906667733931	0.0338269494152134	2.49480847097093
"AT3G25190"	0.156571537614457	0	0	96.2142857142857	0.164797971723533	0.00822643410907566	4.32428747132298
"AT1G52827"	0.156507362303683	4.08639233562269e-10	2.97113961397715e-08	24.6428571428571	0.179012166157724	0.0225048038540411	2.99175274459299
"AT1G73330"	0.156353027322384	0	0	279.714285714286	0.161354300288778	0.00500127296639382	5.0117928690934
"AT1G10250"	0.155686387058738	6.60948181741006e-08	3.54903483029552e-06	17.2142857142857	0.186474326967776	0.0307879399090378	2.59853977800143
"AT3G50640"	0.154542803330935	1.24080820063099e-07	6.34859306962579e-06	16.5714285714286	0.186396688923443	0.0318538855925078	2.54883496197449
"AT5G54370"	0.153841937031884	1.4003598280965e-10	1.04826935703224e-08	27.3571428571429	0.17444231831132	0.0206003812794362	3.08200712415374
"AT2G48140"	0.153368945762366	2.52695098179601e-09	1.65515289307638e-07	22.5	0.177701804368471	0.0243328586061053	2.86848060835515
"AT5G05250"	0.151590426806065	4.60098625865157e-12	4.18662198721373e-10	35.4285714285714	0.16825172096374	0.0166612941576743	3.33604889074319
"AT1G13420"	0.151266363985823	5.46357623465443e-06	0.000219062017049627	12.2857142857143	0.193077339102217	0.0418109751163944	2.20722525406274
"AT1G19020"	0.151039449209307	1.45893528091801e-06	6.35756353808892e-05	13.9285714285714	0.188309310676175	0.037269861466868	2.33702297199348
"AT2G30766"	0.150110429143189	0	0	253.642857142857	0.155285521051654	0.00517509190846511	4.90719502293321
"AT5G42250"	0.150102206268946	1.22097440591329e-06	5.40930818433188e-05	14.2857142857143	0.186523076923077	0.0364208706541305	2.35651681799301
"AT4G37070"	0.150019064867819	8.94451179789257e-12	7.81154030349285e-10	34.6428571428571	0.16698316668983	0.0169641018220111	3.29914572167691
"AT4G08770"	0.149508311305257	3.92551344763348e-08	2.1535055000086e-06	19.1428571428571	0.177527974364686	0.028019663059429	2.6635348660391
"AT3G12820"	0.148499855864022	3.58166195235654e-06	0.000148707472754126	13.1428571428571	0.187799912752654	0.0393000568886317	2.25659308678509
"AT4G11880"	0.148489357348759	8.03641076019268e-07	3.67835234674361e-05	15.0714285714286	0.183184080805428	0.0346947234566688	2.4005059622844
"AT3G53980"	0.148466883639613	1.13242748511766e-14	1.30366424726121e-12	56	0.160223704866562	0.0117568212269488	3.76851766161635
"AT3G24420"	0.148347702322059	4.80537675873194e-07	2.28910674688685e-05	15.7857142857143	0.181622312905456	0.0332746105833972	2.4484477660808
"AT4G13860"	0.147681121135235	6.08713079941481e-12	5.38497153844763e-10	36.7857142857143	0.163849851722413	0.0161687305871775	3.34109604543322
"AT5G47450"	0.145637646929101	2.32964779023348e-07	1.15690613792118e-05	17.2857142857143	0.176312042578008	0.0306743956489069	2.52302419279588
"AT2G25510"	0.144420741491209	0	0	221.571428571429	0.149865763594724	0.00544502210351459	4.78258912571446
"ATCG00280"	0.144356853566197	7.153577730179e-11	5.57465472757949e-09	32.5	0.162221210741921	0.017864357175724	3.18280656052185
"AT1G65310"	0.14320454875657	3.32584493278887e-09	2.14150591519744e-07	24.9285714285714	0.165489357482855	0.0222848087262855	2.89260595794171
"AT2G05380"	0.143004385805664	0	0	495.428571428571	0.147269362216801	0.00426497641113661	5.10977575214634
"AT3G44550"	0.142933604347303	1.61406387155782e-06	7.00780416919792e-05	15	0.177777777777778	0.034844173430475	2.35108566161918
"AT2G21100"	0.14289859357415	1.94195063456526e-05	0.000716259268030429	11.7142857142857	0.186587653869034	0.0436890602948836	2.09450954871335
"AT5G66170"	0.142634932389473	4.59891180693006e-09	2.91187765908788e-07	24.5	0.165251657963028	0.0226167255735552	2.86920276866156
"AT4G22666"	0.142376693672141	2.67357652683486e-08	1.53311958119934e-06	21.4285714285714	0.167760683760684	0.0253839900885423	2.72441387854528
"AT5G53250"	0.142290636032734	1.99840144432528e-15	2.48915642196451e-13	72.2857142857143	0.152144470068512	0.00985383403577796	3.94861291443245
"AT1G52070"	0.14180948110603	2.95541369155217e-13	3.05513377257325e-11	50.1428571428571	0.154552941316036	0.0127434602100055	3.60027214214181
"ATCG00580"	0.14140554425294	9.58014115592931e-07	4.3198761129229e-05	16	0.174278846153846	0.0328733019009057	2.40640918899011
"AT4G21990"	0.141180767169871	1.7874590696465e-13	1.94015914445345e-11	52.6428571428571	0.153476244891624	0.0122954777217526	3.64181567719971
"ATCG00920"	0.138821136510069	0	0	994	0.142607229820651	0.00378609331058194	5.23519334676737
"AT1G74460"	0.138116356917565	3.85762858323702e-08	2.12406620015193e-06	21.9285714285714	0.162997036491716	0.0248806795741507	2.7117479386111
"AT5G51780"	0.137593359712426	0.000284081455927399	0.007848912371405	8.92857142857143	0.193880615384615	0.0562872556721891	1.7842883514515
"AT2G45220"	0.136640982144277	8.78814095939262e-08	4.60498586272173e-06	20.8571428571429	0.162629732811756	0.0259887506674787	2.64563185523997
"AT1G02920"	0.136230104406768	7.84118459051797e-09	4.80462262248028e-07	25.5714285714286	0.158037898557857	0.0218077941510892	2.85735481343436
"AT5G01740"	0.136200551683197	2.63967628644224e-07	1.30235457301222e-05	19.0714285714286	0.164312759439637	0.0281122077564405	2.54717585127284
"AT1G28710"	0.135960870770898	8.70179111067682e-06	0.000338190326644105	13.7142857142857	0.173761351495726	0.037800480724829	2.20063074237042
"AT5G47500"	0.135154936544787	1.55431223447522e-15	1.96827739292379e-13	88.4285714285714	0.14381421908806	0.00865928254327303	4.05381501687018
"AT3G09220"	0.135095211998859	2.60103628191288e-07	1.28747059739245e-05	19.3571428571429	0.162841338887417	0.0277461268885575	2.5531086852398
"AT3G61930"	0.135073707503997	3.80163111947107e-05	0.00132195850094925	11.7857142857143	0.178518047608957	0.0434443401049593	2.03882979232482
"AT3G43670"	0.134849037674903	2.30876560162185e-05	0.000833349218105598	12.5	0.176	0.0411509623250968	2.09657735493994
"AT3G54040"	0.132908940903837	1.11022302462516e-16	1.57672421329008e-14	120.071428571429	0.140158568040473	0.00724962713663602	4.2730093340674
"AT4G11320"	0.132418596168864	0	0	251.5	0.137609577281684	0.00519098111281983	4.7284298327177
"AT3G30720"	0.131692752037663	9.14806983202121e-05	0.00289612644098738	11	0.178003814367451	0.0463110623297874	1.94247939989104
"AT2G37750"	0.131642106610572	6.47653042307184e-10	4.59894188359811e-08	33.3571428571429	0.149132481904882	0.0174903752943101	3.09196136816615
"AT5G19151"	0.130010219785213	9.54900412944992e-05	0.00298573388376792	11.1428571428571	0.175769989379457	0.0457597695942435	1.94153707549767
"AT5G08000"	0.129399934969412	3.85787227719092e-08	2.12406620015193e-06	24.6428571428571	0.151904738823453	0.0225048038540411	2.75486198114723
"AT3G05890"	0.129293855694303	0	0	315.857142857143	0.1341016261124	0.0048077704180971	4.80181491545583
"AT1G71740"	0.129251049885461	0.000244603720035874	0.00689610042609489	9.92857142857143	0.180202489917308	0.0509514400318472	1.82242411875947
"AT4G36570"	0.129251049885461	0.000244603720035874	0.00689610042609489	9.92857142857143	0.180202489917308	0.0509514400318472	1.82242411875947
"AT1G56430"	0.127328778007362	4.44853043291005e-11	3.59573768396282e-09	44.6428571428571	0.141234412307692	0.0139056343003306	3.34435019033993
"AT2G17500"	0.126978663263177	3.69320130033657e-11	3.03361551134673e-09	45.6428571428571	0.140652160357245	0.0136734970940685	3.3626775372437
"AT3G22620"	0.126688950358736	2.99094082834017e-13	3.07096870455792e-11	69.2857142857143	0.136826115748424	0.0101371653896886	3.7546174215777
"AT5G35480"	0.126615798766364	1.27703693508785e-07	6.49025192829263e-06	23.0714285714286	0.150427973046804	0.02381217428044	2.65930160669992
"AT5G45070"	0.126491615884717	2.1269663807999e-10	1.56141937790509e-08	39.8571428571429	0.141669458353468	0.0151778424687511	3.22249013878181
"AT3G57157"	0.125877631468581	4.83646345195154e-10	3.48317055051449e-08	37.6428571428571	0.141753568849767	0.0158759373811855	3.15847137533442
"AT1G45145"	0.12569804708095	1.11022302462516e-15	1.45439216225896e-13	124.571428571429	0.132805367976019	0.00710732089506836	4.22386381283197
"AT4G12510"	0.125631349144654	1.11022302462516e-16	1.57672421329008e-14	173	0.131675735137261	0.00604438599260668	4.44524991026332
"AT4G12480"	0.125577769464808	6.0285110237146e-14	6.63835170408457e-12	82.7857142857143	0.13460165531549	0.00902388585068171	3.89880352371419
"AT4G15610"	0.125491740611492	4.8526738183341e-12	4.36338647002396e-10	55.8571428571429	0.137270164376214	0.0117784237647226	3.54279970023911
"AT4G26320"	0.125462065475645	5.99964522507435e-13	5.9530348904348e-11	67.1428571428571	0.135817111815301	0.0103550463396563	3.7132593436309
"AT4G23680"	0.125422876873607	1.33248312383927e-09	9.10280304068651e-08	34.8571428571429	0.142303040952598	0.0168801640789908	3.07556565939808
"AT1G50060"	0.124472065885764	1.32047497914956e-05	0.000496681628295957	15	0.159316239316239	0.034844173430475	2.192903993245
"AT3G13435"	0.124170662053943	9.87716552991458e-09	6.00373629570328e-07	30	0.143247863247863	0.0190772011939205	2.90859218427306
"ATCG00810"	0.123548517252905	0.000159332383076305	0.0046738714354937	11.2142857142857	0.169037907607424	0.0454893903545182	1.89374480948547
"AT5G66985"	0.122972093975223	1.45434673193279e-08	8.66676585821594e-07	29.5714285714286	0.142277802013152	0.0193057080379285	2.88161122084234
"AT3G25770"	0.122949059906827	8.72855121514249e-11	6.73294742463478e-09	46	0.136542096844554	0.0135930369377276	3.32840609010249
"AT4G16690"	0.122675688402442	3.08934483217449e-07	1.50466936120909e-05	22.5	0.147008547008547	0.0243328586061053	2.5949223130345
"AT3G50970"	0.121722441704569	4.14812473259474e-09	2.63744365843137e-07	33.7142857142857	0.139062603584293	0.0173401618797238	3.00354523352637
"ATCG00490"	0.120653606381962	3.82162079759496e-11	3.12222309893833e-09	51.9285714285714	0.133072677621794	0.0124190712398322	3.42158519787083
"AT1G01580"	0.120224657285723	5.21804821573824e-15	6.24357958160301e-13	130	0.127173418297679	0.00694876101195551	4.19389757749385
"AT4G33560"	0.120067167817822	8.28462434476762e-06	0.000325305301144932	16.7142857142857	0.151677090533106	0.0316099227152843	2.26255378282651
"AT2G38530"	0.119878324681596	4.39648317751562e-14	4.9488117307798e-12	102.571428571429	0.127800063624584	0.0079217389429878	4.01192758557777
"AT1G30700"	0.117872828851753	5.28596475273257e-05	0.00175749701889929	13.8571428571429	0.155317739970732	0.0374449111189788	2.05238104951698
"AT5G13740"	0.117653814066087	8.96465124355927e-11	6.88014344934984e-09	51.4285714285714	0.130161443494777	0.0125076294286895	3.37942186924941
"AT3G27690"	0.11693991882828	2.22044604925031e-16	3.06744528767343e-14	258.785714285714	0.122077950253035	0.00513803142475571	4.5704431197813
"AT5G40690"	0.116145508895191	1.09128268643843e-07	5.65606943202037e-06	27.5	0.136656071201526	0.0205105623063346	2.73611060610102
"AT5G42530"	0.115672552419284	3.33066907387547e-16	4.51900421844747e-14	255.857142857143	0.120831505089478	0.00515895267019485	4.54977464478891
"AT1G60740"	0.114290872245762	2.07012174069376e-09	1.36179956586937e-07	41.3571428571429	0.12903828313638	0.014747410890618	3.12926555157129
"AT4G19690"	0.11384434630598	1.11022302462516e-16	1.57672421329008e-14	395.5	0.118350552929835	0.00450620662385561	4.71500916885599
"AT4G17280"	0.11378181966096	9.07843686787091e-05	0.00288008197586986	13.6428571428571	0.151762877620173	0.0379810579592136	1.99846694217246
"ATCG00680"	0.113505255745283	7.60566482005398e-06	0.000302554142946441	18.5	0.142383547788953	0.0288782920436706	2.30172513045598
"AT3G18290"	0.11338026449622	4.13501011209405e-10	2.99217207920863e-08	49.1428571428571	0.126315679993344	0.0129354154971231	3.2876354363298
"AT3G25570"	0.113357658807038	5.28523986437213e-05	0.00175749701889929	14.7142857142857	0.148814141838932	0.0354564830318946	2.06939028665573
"AT5G44610"	0.11302009298953	6.8401535774365e-06	0.000272816204101641	18.8571428571429	0.141414141414141	0.0283940484246118	2.31626592850543
"AT1G66270"	0.11215103746082	4.42978986825437e-14	4.94963873808776e-12	141.142857142857	0.11881254594215	0.00666150848133002	4.15669446566205
"AT2G21650"	0.111702066410577	1.13847017355617e-05	0.00043250481893399	18.1428571428571	0.141083666782718	0.0293816003721412	2.26356609259096
"AT3G08520"	0.111691956424503	0	0	39453.5714285714	0.115014174389454	0.00332221796495061	5.1135211310511
"AT3G52748"	0.111494298089114	7.51205571509761e-05	0.00242879146056645	14.4285714285714	0.147587340607633	0.0360930425185189	2.03177631100494
"AT1G24020"	0.110746960320164	2.94653190735517e-13	3.05513377257325e-11	116.428571428571	0.118119844700446	0.0073728843802819	4.00187842139258
"AT5G44550"	0.110457230338767	1.28503430119054e-10	9.66702041628286e-09	59.2857142857143	0.121745927174872	0.0112886968361044	3.43092265340521
"AT1G14120"	0.110420435319186	6.73701932089044e-05	0.00220637382759162	14.8571428571429	0.14556781975421	0.0351473844350241	2.05020222119089
"AT1G17190"	0.108920902668488	1.26928845045615e-06	5.60700793404991e-05	24.2142857142857	0.131765433511851	0.0228445308433627	2.52805123330192
"AT5G07475"	0.108556795634505	0.000241897646926725	0.00684520790074212	12.7857142857143	0.148862154979317	0.0403053593448123	1.8849334364856
"AT3G05600"	0.108384061796752	8.70343337679991e-05	0.00276689066095923	14.7857142857143	0.143685248915243	0.0353011871184911	2.02512335394963
"AT1G22065"	0.108250133989885	6.87762910590584e-05	0.00224757961060957	15.2857142857143	0.142504887897499	0.0342547539076132	2.05663527867957
"AT3G48450"	0.108211441043884	9.87899665424452e-05	0.00306996386825971	14.5714285714286	0.14398308342945	0.0357716423855665	2.00901105589259
"AT3G16440"	0.107894349271174	2.03962290067361e-05	0.000743264019151947	17.9285714285714	0.137587559660225	0.0296932103890508	2.21214504181116
"AT5G25980"	0.107375681719796	2.22044604925031e-15	2.69935185315262e-13	358.571428571429	0.112005059748746	0.00462937802895025	4.59660172022121
"AT3G29780"	0.107341636351354	8.53683182422404e-06	0.00033348508072213	20.0714285714286	0.134218158331328	0.0268765219799742	2.32016150655174
"AT3G45710"	0.107304523444458	0.000112715176420974	0.00345326576792969	14.5	0.143236074270557	0.0359315508260995	1.99507177444999
"AT4G14630"	0.106745248437792	1.33629110855571e-05	0.000501389621866977	19.2142857142857	0.134673054864871	0.0279278064270794	2.26968706036607
"AT1G05000"	0.106460853789382	2.69054355239717e-07	1.32315533405267e-05	29.8571428571429	0.125613495041851	0.0191526412524686	2.71337619928984
"AT2G34925"	0.106251935799722	0.000113283512971796	0.00346369469440525	14.7142857142857	0.141708418831616	0.0354564830318946	1.99880412473157
"AT1G07600"	0.1058578008183	2.22044604925031e-16	3.06744528767343e-14	2063.64285714286	0.109397240545088	0.00353943972678738	4.94991152962741
"AT4G04830"	0.105377298935594	7.19801995785474e-12	6.32260758841391e-10	96.3571428571429	0.113596444378766	0.00821914544317245	3.78878546575609
"AT4G30290"	0.105174291571144	3.47133682132572e-07	1.67995013811674e-05	29.7857142857143	0.124364924220004	0.0191906326488598	2.69610546822504
"AT1G30750"	0.105112514258537	4.82687165462847e-05	0.00162636677746639	16.7857142857143	0.136602012745064	0.0314894984865273	2.1170360551213
"AT5G24120"	0.104931918059079	3.94190948505013e-06	0.000161895287931951	22.8571428571429	0.128936298076923	0.0240043800178438	2.42528888776592
"AT3G28550"	0.104505505991901	1.41589300912681e-05	0.00052864644144204	19.7857142857143	0.131722335452346	0.027216829460445	2.27492907693453
"AT3G49960"	0.104431818777129	0.000240300584183339	0.00681270089039184	13.5714285714286	0.14259535478372	0.0381635360065918	1.90166023080677
"AT5G07322"	0.104314840959813	2.29844108190491e-08	1.33820347435353e-06	40.4285714285714	0.119324943308262	0.0150101023484489	2.99088993164085
"AT3G10910"	0.104270310056865	7.14780991303288e-05	0.00232586979525584	16.1428571428571	0.136881991843226	0.0326116817863611	2.06947191053529
"AT5G38020"	0.10418182187727	7.64005220843522e-06	0.000303128546630239	21.4285714285714	0.129565811965812	0.0253839900885423	2.35169432186226
"AT1G22500"	0.103827894247975	1.64853228956652e-07	8.29506512326252e-06	33.1428571428571	0.121409951522912	0.0175820572749369	2.78771088370815
"AT3G04290"	0.102692522989051	5.80007819550588e-10	4.13793372107546e-08	62.7857142857143	0.113536458817126	0.0108439358280746	3.388195264126
"ATCG00130"	0.10241389942695	0.000303498615812692	0.00830984678538678	13.5	0.140761844465548	0.0383479450385982	1.87603514876977
"AT2G46600"	0.102235195370833	9.13960018777971e-11	6.97916404288947e-09	79.0714285714286	0.111527473415239	0.00929227804440566	3.58522301055297
"AT1G06090"	0.102235067142984	3.15938469834798e-05	0.00111134282120592	18.5714285714286	0.131015020482476	0.0287799533394925	2.18659606376797
"ATCG00140"	0.101963351417404	8.68231770423389e-06	0.000338190326644105	21.9285714285714	0.126844030991555	0.0248806795741507	2.34995783493879
"AT2G21045"	0.101867825612219	9.52793399733309e-12	8.27351342991278e-10	107.357142857143	0.109583994915129	0.00771616930291018	3.82800849497814
"AT1G49032"	0.100985772103844	1.35217770314e-09	9.17307695398011e-08	60	0.112179487179487	0.0111937150756433	3.32504805684329
"AT4G00670"	0.10084325222439	2.45158453745509e-05	0.000880715806883393	19.6428571428571	0.128233947870312	0.027390695645922	2.22702043079325
"AT5G43580"	0.100530058941913	1.89754845170143e-09	1.25917669310283e-07	58.5	0.111925914687256	0.0113958557453427	3.29596293874327
"AT1G32450"	0.100354714270248	2.49733567159183e-12	2.31399468692131e-10	141.214285714286	0.107014527617778	0.00665981334752933	4.00618110697378
"AT5G12420"	0.100310513707421	4.53793701636895e-05	0.00154269554587791	18.2857142857143	0.129488431490385	0.0291779177829632	2.14987437582021
"AT2G27550"	0.0999708122340613	2.9085929575956e-07	1.42577350269751e-05	33.7857142857143	0.117281312521983	0.0173105002879218	2.76025382869295
"AT2G43150"	0.0998005379049705	7.42184091961917e-13	7.18358564423777e-11	180.714285714286	0.105728208893701	0.00592767098873079	4.15675116310341
"AT3G58810"	0.0993609156455786	6.29472239666029e-07	2.92521717246635e-05	31.3571428571429	0.117755719407849	0.0183948037622701	2.67842694271085
"AT5G59090"	0.0992723439454749	4.09255426214727e-08	2.23351938859807e-06	42.7857142857143	0.113637878978555	0.0143655350330804	2.98376017833532
"AT3G02240"	0.0991407642484204	0.000100537949280999	0.00311155738752354	16.7142857142857	0.130750686963705	0.0316099227152843	2.04836911336689
"AT3G19660"	0.0990909163258897	2.23022764859193e-05	0.000808843421193389	20.5	0.125474763190409	0.0263838468645189	2.24967038786509
"AT2G36100"	0.0985694317403834	3.03638358900571e-09	1.96344191568216e-07	58.7142857142857	0.109935777898909	0.0113663461585252	3.27382051550817
"AT4G21830"	0.0982650156607379	9.43357895488717e-06	0.000364765052922304	23.2142857142857	0.121951024123805	0.0236860084630672	2.36419487070593
"AT1G31935"	0.0982404482651677	2.1376832202491e-05	0.00077713478983027	20.9285714285714	0.12415179783466	0.0259113495694919	2.26044908917568
"AT1G66280"	0.098211369181079	4.10076276269322e-08	2.23351938859807e-06	43.9285714285714	0.112289286495116	0.0140779173140374	2.99571446429073
"AT3G25930"	0.0967696772375426	7.59666995975294e-10	5.34439799575952e-08	73.7142857142857	0.106496697221413	0.00972701998387075	3.45266699688567
"AT4G15390"	0.0966657628833564	3.3243191421839e-08	1.85041588588375e-06	46.8571428571429	0.110070699675102	0.0134049367917454	3.03759415936671
"AT2G46750"	0.0966456756399232	4.05438571183803e-05	0.00140663117070983	19.7857142857143	0.123862505100368	0.027216829460445	2.1861686102622
"AT3G01420"	0.096058179600561	2.3315571695548e-11	1.96835237491971e-09	124.142857142857	0.103178608983331	0.00712042938277044	3.85703584906041
"AT3G62450"	0.0960183893767845	1.13280595237519e-07	5.8162721840119e-06	41.2857142857143	0.110785587779398	0.0147671984026132	2.9073021592481
"AT1G23720"	0.0957816962393962	0.000140203024743268	0.00420221925838009	16.8571428571429	0.127151791041478	0.0313700948020817	2.0190899895606
"AT4G21850"	0.0957299049457262	1.84763315758119e-11	1.57733895857324e-09	131.214285714286	0.10264499418581	0.00691508924008397	3.89177159160591
"AT4G37010"	0.0956570004920614	8.11387718568923e-07	3.70265698840041e-05	33	0.113300840573568	0.0176438400815065	2.68292206992631
"AT3G21710"	0.0942334077550465	2.39783943974947e-05	0.000863449481669028	22.2142857142857	0.11883665388075	0.0246032461257033	2.27205930760171
"AT4G16370"	0.0938016998359594	4.9096837706486e-11	3.90615468998828e-09	124	0.100926518850556	0.00712481901459694	3.82430812084079
"AT5G60530"	0.0936284706107808	0.000367411702518194	0.00986429016160156	15.0714285714286	0.12832319406745	0.0346947234566688	1.88699378471455
"AT1G15380"	0.0934459671495183	5.37760058705317e-10	3.8546235151349e-08	87.7142857142857	0.102148808761081	0.00870284161156218	3.55304202953386
"ATMG00020"	0.0931656088863712	5.18451892528304e-09	3.25553510696699e-07	65.3571428571429	0.10371313657527	0.0105475276888992	3.29762186125269
"AT2G43550"	0.0929446284900247	3.86854657863367e-07	1.8544616343507e-05	38.5	0.108540809839511	0.0155961813494864	2.79897283755343
"AT5G19230"	0.0928111338509335	4.18736960983157e-06	0.000170137081794119	28.7142857142857	0.112594318876342	0.019783185025408	2.50878741690775
"AT3G28740"	0.0927218419322981	6.55070964250548e-07	3.02567123791834e-05	36.2857142857143	0.109067756597052	0.0163459146647536	2.73822265165179
"AT2G19970"	0.0922552282546765	3.33790001272316e-05	0.00116872646528436	22.0714285714286	0.116996293261728	0.0247410650070517	2.2414833131085
"AT2G01010"	0.0920485690438386	5.80646641878957e-14	6.44051559853477e-12	2791.5	0.0955282442369547	0.00347967519311619	4.77890279830378
"AT1G73120"	0.0919160822601278	5.88166804149637e-09	3.66302571961389e-07	67.1428571428571	0.102271128599784	0.0103550463396563	3.30399301121302
"AT5G64100"	0.0911832650691605	1.66247871025149e-09	1.12280117693252e-07	82.0714285714286	0.100256878133883	0.00907361306472275	3.46588026740459
"AT5G56540"	0.0910045918937123	5.2247642878811e-09	3.26730527237207e-07	70.5	0.101024170738974	0.0100195788452615	3.33380673528577
"AT5G23020"	0.0905182273378082	1.10519998708369e-08	6.66453135068405e-07	64.8571428571429	0.101121549179924	0.0106033218421159	3.25350225808642
"AT2G33830"	0.08977208219492	4.90231188976509e-11	3.90615468998828e-09	158.285714285714	0.0960706362151709	0.00629855402025089	3.93100297422055
"AT4G13580"	0.0895539385910621	8.31651820921708e-05	0.00265293906711537	20.4285714285714	0.11601846244127	0.0264645238502083	2.13222280260251
"AT2G34430"	0.0893091400231501	6.0329519158131e-13	5.9530348904348e-11	715	0.0932809202631688	0.00397178024001865	4.55372431615132
"AT5G43350"	0.0889759629053202	1.20984189333484e-09	8.35670791414374e-08	94.7142857142857	0.0972802554670248	0.00830429256170454	3.55021784133146
"AT5G43180"	0.0878845982751646	8.4040482480896e-06	0.000329144116438066	29.2857142857143	0.107346359767538	0.0194617614923731	2.46355906857169
"AT1G31580"	0.0874182597840879	4.70090633086784e-12	4.25208170261117e-10	375.357142857143	0.0919886463702557	0.0045703865861677	4.33106770268007
"AT2G38170"	0.0873769914293604	4.88014073596332e-11	3.90615468998828e-09	189.571428571429	0.0931823704769121	0.00580537904755173	4.00459485939124
"AT1G18980"	0.0869102465987466	2.28598493245968e-07	1.1389451486445e-05	48.7142857142857	0.0999303411563368	0.0130200945575902	2.94018285399774
"AT2G05510"	0.0868693991088146	0.000149353937763164	0.00445016164362556	19.7142857142857	0.114172846687024	0.0273034475782098	2.06406454520203
"AT5G15960"	0.0866665520723753	9.35024744761481e-05	0.00292961567451453	21.2857142857143	0.112198688208778	0.0255321361364026	2.13566965807983
"AT1G21310"	0.0864294178006	2.54887222439493e-11	2.12816825944535e-09	244	0.0916782089181982	0.00524879111759812	4.12652176909697
"AT3G16430"	0.0862521901195492	5.2433104158478e-07	2.47445171053488e-05	44.4285714285714	0.100208927661084	0.0139567375415346	2.84397739588927
"AT2G41090"	0.0860523762238186	4.67428895589705e-09	2.94732344289675e-07	87.7857142857143	0.0947508300301292	0.00869845380631059	3.4453076989423
"AT2G32150"	0.0860135047175676	1.42450886331247e-06	6.23828146596434e-05	39.0714285714286	0.101430001205743	0.0154164964881757	2.71793759462294
"AT3G07720"	0.0858361880176611	1.91051074960313e-09	1.26226614569431e-07	102.571428571429	0.0937579269606489	0.0079217389429878	3.56505160749892
"AT4G16260"	0.0858269517221332	1.44039228322512e-08	8.61740202200353e-07	74.6428571428571	0.0954741455975402	0.00964719387540705	3.30692883913135
"AT5G10580"	0.0857977201742787	1.09429087458146e-07	5.65606943202037e-06	55.8571428571429	0.0975761439390013	0.0117784237647226	3.05038198634739
"AT5G63600"	0.0855897637723494	1.85284754206094e-09	1.234906633735e-07	104.428571428571	0.0934294922778364	0.007839728505487	3.57500242903068
"AT4G35060"	0.0855869560151137	0.000279460787783403	0.00774942724663612	18.2857142857143	0.114764873798077	0.0291779177829632	1.97573230510591
"ATCG00790"	0.0853342962823127	0.000281458192268658	0.00779059870621953	18.3571428571429	0.114411561579573	0.0290772652972605	1.97626935151032
"AT3G22240"	0.0845535913074369	1.04946595858024e-09	7.28204781122619e-08	122.428571428571	0.0917273723881126	0.00717378108067575	3.67654668810664
"AT5G44380"	0.0842260743169251	2.27690083820509e-06	9.66474445177779e-05	38.5	0.0998222556664115	0.0155961813494864	2.67816866920601
"AT1G05835"	0.0837067773888085	0.000152177559750499	0.00449900816725406	21	0.109541252398395	0.0258344750095867	2.08410480836236
"AT5G02780"	0.0833959016356616	8.63122610383904e-07	3.92694945730353e-05	45.2142857142857	0.0971676287594618	0.0137717271238003	2.81876626191327
"AT2G29490"	0.0833609301527722	4.17019798437668e-06	0.000169893642280397	36.2142857142857	0.0997325562291775	0.0163716260764052	2.60686690663019
"AT5G62340"	0.0831902188952764	0.000318758734476288	0.0086963334454249	18.7857142857143	0.111679643059307	0.028489424164031	1.97086786872646
"AT3G49780"	0.0831892770092023	7.87553605663405e-08	4.18449810897241e-06	64.3571428571429	0.0938492599503118	0.0106599829411095	3.13814023931654
"AT5G59520"	0.083055390933674	3.31793728047813e-08	1.85041588588375e-06	73.7857142857143	0.0927761991159702	0.00972080818229621	3.25460657387126
"AT2G16850"	0.0827988113655265	4.00354572172024e-06	0.000163983506165123	37	0.0988930718660448	0.0160942605005183	2.61932316454954
"AT1G77885"	0.0822578346512546	0.000120960286934091	0.00369098899648684	22.5	0.10659069325736	0.0243328586061053	2.13110375562262
"AT3G22600"	0.0820434213164362	2.17773270527744e-08	1.27367967226797e-06	82.5	0.0910870947234584	0.00904367340702219	3.33226586828207
"AT3G24300"	0.082023802882401	5.87351742463715e-05	0.00193190412954083	25.3571428571429	0.103987914485832	0.0219641116034305	2.24319581544594
"AT4G15160"	0.0819176530423696	0.000151650478472209	0.00449843697106482	21.8571428571429	0.106868824285203	0.024951171242833	2.09866160784212
"AT3G10020"	0.0818830205203631	4.75840719061926e-05	0.00160686123708112	26.2857142857143	0.103188163443362	0.0213051429229989	2.27600385609905
"AT2G41250"	0.0813682568054155	3.43344641606791e-08	1.90418437002073e-06	79	0.0906659435741314	0.00929768676871582	3.28561701109142
"AT2G42840"	0.0811493346187356	1.57185153781825e-10	1.15950757129544e-08	252.571428571429	0.0863323374277286	0.00518300280899296	4.05804096892709
"AT1G09560"	0.0796570975910205	3.0347058199709e-11	2.50627117610205e-09	704.928571428571	0.0836383295212665	0.00398123193024603	4.39287742329119
"AT1G06570"	0.079587335094864	3.83742953824484e-06	0.000158460813215132	40.9285714285714	0.0944545070528459	0.0148671719579819	2.66748939562734
"AT1G78000"	0.0794994116248741	5.16283810481077e-07	2.4440650417665e-05	55.6428571428571	0.0913104471796122	0.0118110355547381	2.95064447266451
"AT1G54740"	0.07939550950259	1.31227067012851e-06	5.78007684152837e-05	48.4285714285714	0.0924728894029544	0.0130773799003644	2.82195694701986
"AT4G30460"	0.0793070218857896	0.000204814943325138	0.00591704919918022	22.0714285714286	0.104048086892841	0.0247410650070517	2.07227092963122
"AT1G54000"	0.0790727248926373	2.44541444871516e-08	1.4129474510523e-06	93.6428571428571	0.0874341577701809	0.00836143287754365	3.38637490574297
"AT4G37410"	0.0789879786208001	2.58933297025976e-09	1.68873406935911e-07	147.5	0.0855050493889908	0.00651707076819065	3.71371405275843
"AT2G18150"	0.0786197111336063	0.000180201140575598	0.00524585542564518	22.9285714285714	0.102559623391137	0.0239399122575308	2.09897309959894
"AT3G62040"	0.0782610378635789	1.33582855887937e-09	9.10280304068651e-08	183.928571428571	0.0841429671469072	0.0058819292833283	3.83848134863758
"AT4G38540"	0.0780651883684494	1.38320590542529e-05	0.000517714210316322	35.2142857142857	0.094807726330588	0.0167425379621386	2.5014863967356
"AT3G01190"	0.077766483959538	1.41239216433497e-07	7.13046888014428e-06	73.5714285714286	0.0875059637318097	0.00973947977227173	3.16746472436839
"AT5G56870"	0.0777504348797523	5.89586025100397e-05	0.00193506463011353	28.2142857142857	0.0978255457088977	0.0200751108291455	2.28480330057626
"AT2G40000"	0.0772539938491041	7.12619000963199e-05	0.00232381080228257	27.7142857142857	0.0976315638872765	0.0203775700381724	2.26036561576999
"AT2G38380"	0.0772016880182645	6.59354593146588e-09	4.07298877945348e-07	136.357142857143	0.0839808160533428	0.00677912803507837	3.63088818326304
"AT1G18250"	0.077112092966009	1.12084817538438e-06	4.98023651261434e-05	53.8571428571429	0.0892049855034186	0.0120928925374096	2.88296497330733
"AT3G57020"	0.0762474507068083	9.33122736301861e-07	4.2201586609652e-05	57.3571428571429	0.087804414831488	0.0115569641246797	2.92553101171973
"AT5G26280"	0.0762044186148944	1.32046207301784e-09	9.07952111383667e-08	226.928571428571	0.0815990442796425	0.0053946256647481	3.91895749577145
"AT3G26470"	0.075902527243824	0.000288113051166494	0.00792150423294278	22.5714285714286	0.100168858540914	0.0242663312970903	2.04540614293528
"AT2G15128"	0.0757284270721553	0.000346112694566303	0.00937527363035568	21.9285714285714	0.100609106646306	0.0248806795741507	2.01566310086059
"AT3G32980"	0.0756999484788725	7.66508967409152e-10	5.36768215149745e-08	291.571428571429	0.0806324528745905	0.00493250439571802	4.03096836843877
"AT1G13300"	0.075624542825964	8.32753313381174e-05	0.00265293906711537	28.2142857142857	0.0956996536551095	0.0200751108291455	2.25310575100348
"AT2G04800"	0.0755540518617652	1.61392696679252e-05	0.000601108681063215	37.0714285714286	0.091623680316921	0.0160696284551558	2.51138394089143
"AT3G09270"	0.0751867024363219	8.82421855585847e-08	4.60800086511427e-06	91	0.0836948343288157	0.00850813189249387	3.29822427879014
"AT2G24040"	0.0747933256336002	3.62680456880149e-05	0.00126696372936799	33.2142857142857	0.0923446908046284	0.0175513651710281	2.39544576854244
"AT4G11650"	0.0746078202308851	9.76720188727853e-07	4.39119526269481e-05	60.8571428571429	0.085690500290778	0.0110826800598929	2.95082847290755
"AT1G49310"	0.0742084755524488	5.23211936531709e-06	0.000210336735119996	46.6428571428571	0.0876597892561439	0.0134513137036951	2.70416813201654
"AT1G62180"	0.0741390064683091	2.88380606061622e-08	1.6351610782509e-06	122	0.0813263597461394	0.00718735327783023	3.500190533513
"ATMG00030"	0.0740656690001435	0.000352683036636714	0.00951930981302221	22.7857142857143	0.0981349209648853	0.0240692519647418	2.0275752999703
"AT1G02360"	0.0739298537263507	0.000246044544577662	0.0069238757396336	24.4285714285714	0.0966030310443976	0.022673177318047	2.09108187808363
"AT4G13235"	0.0732835013414118	9.17153308971352e-05	0.00289751802144047	29.6428571428571	0.0925506660562547	0.0192671647148429	2.2640990871757
"AT3G19390"	0.0731798956623812	0.000332670628432452	0.00902725512439204	23.5714285714286	0.0965571801935438	0.0233772845311626	2.04627618658028
"AT1G03850"	0.0731179310113226	9.82482006981478e-05	0.00305938454469068	29.4285714285714	0.0925012870059529	0.0193833559946303	2.25465506088997
"AT5G49360"	0.0729767923657668	1.37689108892225e-07	6.9744123290875e-06	94.5	0.0812924093347374	0.00831561696897062	3.28922543525179
"AT2G22470"	0.0729724756192611	8.75895936891524e-08	4.60498586272173e-06	103.714285714286	0.0808433990252172	0.00787092340595616	3.36052517469117
"AT4G36430"	0.0729130545158455	0.000177456362923434	0.00517586735313724	26.6428571428571	0.093976978752978	0.0210639242371325	2.15753315016084
"AT4G33960"	0.0726765492747316	8.12901205526906e-06	0.000320853161537321	45.7857142857143	0.086317711678826	0.0136411624040944	2.66169003289814
"AT5G40730"	0.0726718873083764	1.57733067718269e-08	9.3629363165891e-07	158.071428571429	0.0789744923793226	0.00630260507094617	3.64736658924239
"AT3G14280"	0.0726023941511729	0.000366792493279644	0.00986429016160156	23.5	0.0960406727722255	0.0234382786210526	2.03477889208268
"AT3G56705"	0.072471593129908	0.000142327061621095	0.00424911989861327	28.0714285714286	0.0926320214240498	0.0201604282941418	2.19998470834546
"AT3G19710"	0.0721678014005922	2.83840406734015e-08	1.61544525120977e-06	141.857142857143	0.0788124353626677	0.00664463396207542	3.5681616502461
"AT5G61820"	0.0720438463661314	4.3247529557533e-08	2.3471052112724e-06	129.285714285714	0.0790127097651288	0.00696886339899744	3.50308945877585
"AT3G16450"	0.0719980202002452	1.95134055580581e-08	1.15379654031226e-06	158.5	0.0782925341235206	0.00629451392327538	3.636707861355
"AT1G52200"	0.0716339470595519	2.30053031697874e-05	0.000832353778495452	39.7142857142857	0.0868544787855382	0.0152205317259863	2.51258148569381
"AT4G30280"	0.0716072879752343	0.000138494363538744	0.00416579602205801	28.9285714285714	0.0912684511038421	0.0196611631286077	2.21476757577394
"AT4G18970"	0.0712264019702705	9.30490233963521e-06	0.000360707387635451	47.2142857142857	0.0845549793986697	0.0133285774283991	2.6653669082507
"AT3G29034"	0.071095938809541	0.000275137039547735	0.00765747702008677	25.8571428571429	0.0926993399750642	0.0216034011655232	2.10130060357248
"AT1G78020"	0.070337890246324	3.14923835897929e-08	1.77243800381664e-06	161.571428571429	0.0765756737303712	0.00623778348404722	3.61778077286905
"AT4G01870"	0.0701184837464999	0.000288272692867686	0.00792150423294278	26.3571428571429	0.0913748599649849	0.021256376218485	2.10390162253428
"AT4G22212"	0.0699459086057832	4.57335123604796e-06	0.000184831503678151	56.5	0.0816279812285764	0.0116820726227932	2.80476751935145
"AT1G14870"	0.0696926652892061	2.3527729875461e-08	1.36460833277674e-06	187.571428571429	0.0755246491358915	0.00583198384668547	3.69488894782026
"AT1G13590"	0.0693713358669706	0.00015799065835076	0.00465276365174058	30.2142857142857	0.0883367145627595	0.0189653786957889	2.21964499708329
"AT2G43590"	0.0692136009544494	3.3113370512261e-07	1.60763826934287e-05	98.8571428571429	0.0773086047234866	0.00809500376903717	3.25552534283167
"AT3G14770"	0.0686751543622196	8.24073002936299e-06	0.000324420035041969	53.5	0.0808266761625134	0.0121515218002938	2.73369451930614
"AT1G62570"	0.0685850792663895	0.000193884067801853	0.00562263796625373	29.7857142857143	0.0877757119152492	0.0191906326488598	2.1934195193129
"AT3G55230"	0.0682437424728363	0.000158807412398931	0.0046677706746889	31.2857142857143	0.0866729859036108	0.0184292434307744	2.23358556091032
"AT5G58770"	0.0676808125510325	0.000230363678965673	0.00655544281940517	29.6428571428571	0.0869479772658754	0.0192671647148429	2.17400817990449
"AT1G17170"	0.0676278954756479	3.12765434851148e-06	0.00013093067625339	67.7142857142857	0.0779234918795887	0.0102955964039408	2.92003092348411
"AT4G19030"	0.0674143104444275	9.29069054733667e-05	0.00292300897634219	35.6428571428571	0.0839953376770498	0.0165810272326223	2.34077586268245
"AT4G33420"	0.067387329197216	3.66908105234875e-05	0.00127879256127274	42.5714285714286	0.0818085117441002	0.0144211825468843	2.50406148437032
"AT1G29418"	0.0672083842742848	1.08108567331566e-06	4.82778730237082e-05	86.4285714285714	0.075991446569959	0.00878306229567418	3.11304109959991
"AT5G50760"	0.0670100705477678	4.28824129347083e-05	0.00148100260671779	41.9285714285714	0.0816016084307776	0.0145915378830098	2.48346564421978
"AT2G26330"	0.0667920540603158	0.000198172641333927	0.00573605991944829	31.4285714285714	0.0851525746980293	0.0183605206377135	2.21344318338452
"AT3G21510"	0.0665160921967006	1.81084619207406e-05	0.000671161432555057	50.5	0.079192839314396	0.0126767471176954	2.64318539233937
"AT4G04610"	0.0661418638001944	8.13243265389563e-05	0.00260169361281259	38.2857142857143	0.081806809808592	0.0156649460083975	2.38468114454869
"AT1G17860"	0.0657671893964313	4.53905892872086e-08	2.45464553312606e-06	239.428571428571	0.0710529936340338	0.00528580423760255	3.74870053482029
"AT1G16400"	0.0656653093337149	0.000125208893984707	0.00379775319958406	35.7857142857143	0.0821933593277134	0.0165280499939985	2.31410531534796
"AT2G37760"	0.0652496653251586	3.01795824995121e-05	0.00106901849804799	48.2142857142857	0.0783704547852696	0.013120789460111	2.5784553414572
"AT1G76930"	0.0650060225163553	1.08336106219298e-06	4.82778730237082e-05	99.5714285714286	0.0730667022193116	0.00806067970295632	3.1802406926744
"AT2G36120"	0.0649017893408411	1.73524175406392e-06	7.51245974209554e-05	89.7142857142857	0.0734844134728511	0.00858262413201003	3.09794755389603
"AT1G10682"	0.0647790932076083	7.13517227524108e-08	3.81781964417477e-06	229.428571428571	0.0701510059568027	0.00537191274919443	3.70695601430099
"AT4G34600"	0.0647559303578539	9.73988713048879e-06	0.00037565310871804	62.0714285714286	0.0756865601660288	0.0109306298081749	2.79166061077583
"AT1G07610"	0.0646538244738182	1.06464993487876e-08	6.44558582088351e-07	742.857142857143	0.0686007965407374	0.00394697206691917	4.11940711368706
"AT2G44790"	0.0646346994927424	4.24931061338008e-07	2.03058251826804e-05	130.357142857143	0.0715734919237265	0.00693879243098403	3.36666885223838
"AT4G30170"	0.0645565583630967	3.83420507121812e-07	1.84381583108325e-05	135.071428571429	0.0713687060615272	0.00681214769843047	3.3891099957377
"ATCG00020"	0.0644822638532072	1.46011428980852e-06	6.35756353808892e-05	96.0714285714286	0.0727160083045159	0.00823374445130868	3.14265242805196
"AT1G06360"	0.0640804438513981	1.02406897685148e-05	0.000391983681920278	63.5714285714286	0.0748312664484865	0.0107508225970884	2.7991941400062
"AT3G61990"	0.0636147915835841	9.24459499832553e-05	0.00291454077997002	41.1428571428571	0.0784217711301045	0.0148069795465203	2.40497684757093
"AT5G45950"	0.0633991457169271	0.000104053589186637	0.00321381776682954	40.5	0.0783886133680372	0.0149894676511101	2.38669495840291
"AT5G17170"	0.0633269689830521	2.20193124400581e-07	1.10067589420764e-05	181.642857142857	0.0692412594187323	0.00591429043568016	3.54935496852888
"AT4G27440"	0.0633011191045953	2.17923608047954e-08	1.27367967226797e-06	615.285714285714	0.0673801115097617	0.00407899240516644	4.04603808999345
"AT3G50740"	0.0631477914809964	1.40610524790308e-06	6.17548420437433e-05	106.714285714286	0.0708905025932171	0.00774271111222069	3.19468163838978
"AT5G66690"	0.0631325754830744	0.000168919393876754	0.00493634444105992	37	0.0792268359835927	0.0160942605005183	2.29944289831103
"AT3G23430"	0.0626951054600733	2.85097461532047e-05	0.00101222921155163	54.7857142857143	0.0746391392927364	0.0119440338326631	2.6436421925632
"AT3G16530"	0.0623201347116083	3.91462450322067e-06	0.000161210390110952	87.5714285714286	0.0710317734074351	0.00871163869582677	3.02744847820743
"AT4G13250"	0.0614744815975347	2.77485578192849e-05	0.000987510736819328	58.5714285714286	0.0728604768224042	0.0113859952248695	2.67787603677686
"AT4G15760"	0.0613191969267028	4.53793722621221e-06	0.000183889317572055	90.3571428571429	0.0698643099467983	0.00854511302009557	3.03138416706168
"AT4G25100"	0.0612324216236681	3.09918318786018e-08	1.75075047296369e-06	1028.92857142857	0.0650023609829329	0.00376993935926486	4.10787889737245
"AT2G33850"	0.0612054763780562	3.17293942808661e-05	0.00111353319975067	57.6428571428571	0.0727215644919933	0.0115160881139371	2.65873250455796
"AT4G31910"	0.0610794840423753	4.62421871615382e-05	0.00156502511382346	53.3571428571429	0.0732546773094506	0.0121751932670754	2.5889762049205
"AT1G09740"	0.0610152337576577	2.4595865885102e-06	0.000103821882775003	108.5	0.0686849942090019	0.00766976045134421	3.16274152006231
"AT2G29420"	0.0607826250273652	1.18034446270343e-05	0.000447294624818986	74.0714285714286	0.0704787058066723	0.00969608077930708	2.86171380918567
"AT3G21870"	0.0605699032102184	4.39405075248755e-05	0.00151313395264562	55.3571428571429	0.0724248138957816	0.0118549106855633	2.61099927867059
"AT2G41100"	0.0604517453934185	5.71267242671647e-05	0.00188716891731268	52.5	0.0727716727716728	0.0123199273782543	2.562383221843
"AT5G04950"	0.0604308826475623	1.06870094385147e-06	4.7905544373944e-05	146.428571428571	0.0669714181119297	0.00654053546436742	3.35606486020284
"AT2G40300"	0.0603534794235322	0.000138713660644996	0.00416579602205801	43.2857142857143	0.0745913129012825	0.0142378334777503	2.38927798718625
"AT3G58990"	0.0597696530400614	7.63025861776345e-05	0.00246177091200708	50.8571428571429	0.0723806240470803	0.0126109710070189	2.52092418316618
"AT2G02120"	0.0595611920048565	4.85735407610433e-05	0.00163301664912569	57	0.0711698274025144	0.0116086353976579	2.61606734475334
"AT4G27450"	0.0594340282882375	0.000208120308397119	0.00598976554242922	41.1428571428571	0.0742410078347578	0.0148069795465203	2.32593891798958
"AT2G26980"	0.0588561785725458	1.07416655922288e-05	0.000410126508390725	86	0.0676665141240587	0.00881033555151293	2.94117319730681
"AT2G39310"	0.0586571926257369	9.92361224960714e-06	0.000381770156316532	89.0714285714286	0.0672778693291758	0.0086206767034389	2.96425898943947
"AT2G46650"	0.0586368166548331	1.96907842212601e-05	0.000724506433477649	74.7142857142857	0.0682779522463797	0.0096411355915466	2.82414479955643
"AT5G45670"	0.0584640574819069	0.000256387694944071	0.00716188862568035	40.9285714285714	0.0733312294398887	0.0148671719579819	2.30229748398038
"AT4G15620"	0.0583739140369599	0.000270811026219953	0.00755090707236403	40.5714285714286	0.0733428196481162	0.0149689056111563	2.29268698255436
"AT4G01480"	0.0577265714872671	0.000105971451823339	0.0032664141620841	52.2142857142857	0.0700957995408751	0.012369228053608	2.5025725274532
"AT1G77760"	0.0576373708936994	5.95293498273364e-07	2.79199999992655e-05	269.5	0.0627027359070826	0.00506536501338321	3.62979025408589
"AT5G41010"	0.057575671576971	0.00014098966262277	0.00421747817562129	49.1428571428571	0.0705110870740941	0.0129354154971231	2.44652372746743
"AT1G78370"	0.0575153231413732	6.39162357818357e-07	2.96119243579505e-05	265.5	0.0626071308825307	0.00509180774115748	3.62007713644554
"AT4G02520"	0.0572603643515603	7.81941107053097e-06	0.000309436902676533	106.214285714286	0.0650239412170318	0.00776357686547152	3.06617760821065
"AT4G03210"	0.0569532239056375	3.29819453270819e-06	0.000137313326353517	144.285714285714	0.0635417342191188	0.0065885103134813	3.26968025694708
"AT5G56100"	0.0569084153260895	0.000192381571430755	0.0055897330008829	47.1428571428571	0.0702521720703539	0.0133437567442643	2.39637793764268
"AT2G33770"	0.0564014041751404	0.000206954008737936	0.00596750117036372	47.5	0.0696697208608566	0.0132683166857162	2.39254643136583
"AT2G40205"	0.0561933712882829	7.08159569651201e-07	3.26096752133929e-05	325.571428571429	0.0609564585912726	0.00476308730298973	3.67781019118262
"AT5G51010"	0.0554493093480125	6.59008149106466e-06	0.000263533890363733	133	0.0623159982083607	0.00686668886034823	3.1819160901814
"AT1G34418"	0.0549687135166165	0.000122009960466518	0.00371555783416675	58.7142857142857	0.0663350596751417	0.0113663461585252	2.54500301295237
"AT5G14200"	0.0546040546310907	4.5209560376902e-05	0.00154036878808835	78.7142857142857	0.0639234744590129	0.00931941982792217	2.77803377668769
"AT1G80240"	0.0544044708340755	0.00032591561614681	0.00887565179743177	46.9285714285714	0.0677940427737138	0.0133895719396383	2.34004866693605
"AT3G16460"	0.0540982534508952	5.1507790505001e-06	0.000207616017112465	171.142857142857	0.0601723089271898	0.0060740554762946	3.30836772653838
"AT4G30670"	0.0539654431408538	0.000126655029240919	0.00383396379351593	61.7857142857143	0.0649313117968937	0.0109658686560399	2.5658942572607
"AT1G44800"	0.053907560487902	5.29700996746429e-05	0.00175749701889929	79.1428571428571	0.0631944395710377	0.00928687908313577	2.76653186638724
"AT3G09260"	0.0531078399550092	6.00222604285605e-07	2.80645621376125e-05	1453.85714285714	0.0567434166739627	0.00363557671895356	3.96419687671239
"AT5G48485"	0.0530434694022199	9.98457449443713e-05	0.00309644069423401	70.1428571428571	0.0630972099067885	0.0100537405045685	2.64984385467547
"AT4G29270"	0.0528911261622398	0.000349717874825628	0.00945607264386164	50	0.0656615384615385	0.0127704122992987	2.36224344896809
"AT1G17180"	0.0526957658835542	0.000127828183135281	0.00386178344120027	66.9285714285714	0.0630733676684046	0.0103776017848504	2.60355788275175
"AT5G25890"	0.0517047062724253	0.000330752111032506	0.00899125058899815	54.4285714285714	0.0637053923680497	0.0120006860956244	2.40829860610191
"AT2G02390"	0.050965882159681	5.12323246526503e-05	0.00171481587097285	102.214285714286	0.0589037339957003	0.00793785183601932	2.89153855247251
"AT5G65390"	0.0507493587769046	0.000287748376381569	0.00792150423294278	60.2142857142857	0.0619150187418066	0.0111656599649021	2.47122088022252
"AT1G11580"	0.0507170034971081	5.82900854677604e-05	0.00192142329450778	100.071428571429	0.0587539479001222	0.00803694440301404	2.86996678812434
"AT4G13180"	0.0501870853126688	8.04257581993317e-05	0.00257837515104862	94.0714285714286	0.0585255058716695	0.0083384205590007	2.81121945620499
"AT3G15450"	0.0501741835442569	3.74078385645404e-06	0.000154890875974593	472.285714285714	0.0544859443133823	0.00431176076912537	3.65953506734548
"AT5G05960"	0.0500810836739836	1.97704586573089e-05	0.000725680893131559	164.642857142857	0.0562642533425656	0.00618316966858202	3.18580011912731
"AT2G18980"	0.0500037276878365	0.000248268871958834	0.00697355596725776	66.2857142857143	0.0604498708039879	0.0104461431161515	2.53276888165761
"AT5G64260"	0.049959039362428	2.0034365021071e-05	0.000731894770928685	166.5	0.0561101642182723	0.0061511248558443	3.1893399699181
"AT2G42600"	0.0494885197007067	4.5944068652326e-05	0.00155840640009095	124.071428571429	0.0566111426358234	0.00712262293511667	2.99060552070285
"AT4G17340"	0.0492676847717727	2.00360769088137e-05	0.000731894770928685	184.714285714286	0.0551386748812473	0.00587099010947463	3.2313888648604
"AT5G57785"	0.0488229973517993	0.000218847797392785	0.00625114873906158	75.5	0.0583982483899154	0.00957525103811614	2.60854288088906
"AT3G01290"	0.048669759392677	0.000124290734569543	0.00377744400503756	92.9285714285714	0.0570700178191843	0.00840025842650736	2.76422739655111
"AT3G54500"	0.0484946685714494	0.000255397647612732	0.00714737136855078	73.6428571428571	0.0582279124069463	0.00973324383549685	2.5807182932837
"AT1G62660"	0.0482832982585555	0.000219500491294489	0.00625802901634343	78.8571428571429	0.0575918318711324	0.00930853361257696	2.62923839090358
"AT5G40850"	0.0482724794658736	1.00881845855882e-05	0.000387121345865149	351.714285714286	0.0529275760794851	0.00465509661361152	3.50713656904293
"AT5G14780"	0.0475496534725125	0.000133034527415976	0.00401109658454995	101.142857142857	0.0555365267373311	0.00798687326481862	2.79773422722677
"AT1G20440"	0.0475198065475575	4.41114991459601e-05	0.00151313395264562	163.214285714286	0.0537281223055155	0.00620831575795809	3.1134035788356
"AT5G65660"	0.0473001898445228	5.28716502744553e-05	0.00175749701889929	154.357142857143	0.0536748002638753	0.00637461041935254	3.07383583719704
"AT1G58270"	0.0471477230186111	0.000107758244005107	0.00331154222430389	114.857142857143	0.0545761909929876	0.00742846797437652	2.87713509955356
"AT5G17820"	0.047014355589083	0.00021258653377243	0.00609521691925631	89.3571428571429	0.0556180524436136	0.00860369685453059	2.6925246288803
"AT2G37040"	0.0468784208835522	7.86836082870002e-05	0.00253321210069757	135.928571428571	0.0536684860675882	0.00679006518403595	2.98257786235576
"AT2G20670"	0.0462968622397159	0.000211665448137888	0.00608028005652806	96.0714285714286	0.0545306066910246	0.00823374445130868	2.72744562863754
"AT3G20370"	0.0461440092606905	0.000159630118124587	0.0046738714354937	109.428571428571	0.0537767762985741	0.00763276703788356	2.81670520987964
"AT5G65210"	0.0460740983595146	0.000313901630218272	0.0085792251309296	84.4285714285714	0.0549868047613416	0.008912706401827	2.62514996798519
"AT5G15970"	0.0458337355769655	0.00036012829208798	0.00970303107547685	82	0.0549123690111198	0.00907863343415424	2.59658409631569
"AT5G49480"	0.0455067333588796	0.000107871374113611	0.00331154222430389	141.285714285714	0.0521648532865959	0.00665811992771631	2.96989133851951
"AT5G67370"	0.0454066207681745	0.000215038615131058	0.00615391110269596	105	0.0532216989359846	0.00781507816781015	2.76768235611046
"AT1G76680"	0.0453667163427521	8.02341091351577e-05	0.00257766918058743	167.785714285714	0.0514960718813667	0.00612935553861458	3.07065509064722
"AT1G72645"	0.0450728179190688	0.000301504813357556	0.00827015729924444	94.7142857142857	0.0533771104807734	0.00830429256170454	2.68429203255988
"AT3G14990"	0.0440729576548525	3.06236824582085e-05	0.00108222669449985	498.857142857143	0.0483313722278189	0.00425841457296637	3.50457164282205
"AT1G07590"	0.0432601117970551	4.4457706304124e-05	0.00152157501125556	445.214285714286	0.0476327710992555	0.00437265930220042	3.44537163217919
"AT3G17510"	0.0429839247121385	0.000151862211513309	0.00449843697106482	175.5	0.0489893625988301	0.00600543788669157	3.02812717178789
"AT3G26740"	0.0429354646879946	9.31222610314197e-05	0.00292373115420135	246.285714285714	0.048166264509442	0.00523079982144748	3.20291957597772
"AT2G34420"	0.0428007634206978	2.60059583334638e-05	0.000929850689024271	2085.64285714286	0.046337785362048	0.00353702194135015	3.71158202091539
"AT1G74670"	0.0427433599834943	5.6673034507404e-05	0.00187626020125166	411.928571428571	0.0472018685211192	0.00445850853762488	3.40421088593763
"AT3G05880"	0.039056475887311	0.000278088538043564	0.00772547243895794	276.428571428571	0.0440778491184116	0.00502137323110061	3.13389995850201
