"Gene"	"effect.size"	"p.value"	"q.value"	"Mean"	"CV2"	"TechNoise"	"BioVar"
"AT2G14247"	2.16225980578113	0	0	31.7857142857143	2.18011867188486	0.0178588661037336	6.93162237443503
"AT4G19112"	1.86967059611257	0	0	13	1.90987710514338	0.0402065090308049	5.56990691975077
"AT1G13609"	1.76146666839959	0	0	18.1428571428571	1.79095465883239	0.0294879904328084	5.92445749519009
"ATCG01080"	1.60424487869638	0	0	8.28571428571429	1.66596542577518	0.061720547078795	4.75446380042336
"AT2G24940"	1.39202651926108	0	0	6.35714285714286	1.47174502053936	0.0797185012782883	4.20646934874606
"AT3G20395"	1.11281905840258	0	0	12.7142857142857	1.15387528769677	0.0410562292941916	4.8127423610317
"ATCG00520"	0.96934635274052	0	0	11.1428571428571	1.01585495372478	0.0465086009842566	4.44905307193415
"AT5G09672"	0.926158188901127	0	0	7.21428571428571	0.996689615648541	0.0705314267474139	3.82080616859326
"ATCG00580"	0.922784423641324	0	0	24.2857142857143	0.94541921746074	0.0226347938194162	5.38434012030783
"AT3G02480"	0.922054759291306	0	0	5.85714285714286	1.0083741362742	0.0863193769828902	3.54620275786761
"AT1G43800"	0.918999034552437	0	0	10.7857142857143	0.966968385327229	0.0479693507747917	4.33328390298538
"AT1G25472"	0.886842324014877	0	0	6.07142857142857	0.970199627362257	0.0833573033473798	3.54090111387701
"AT1G55010"	0.858780186435428	0	0	10.9285714285714	0.906153780432904	0.0473735939974754	4.2576008749311
"AT2G47880"	0.832527472224264	0	0	15	0.867692307692308	0.0351648354680436	4.62497816712941
"ATCG01100"	0.825214407769713	0	0	6.64285714285714	0.90160712221066	0.0763927144409467	3.56099195169408
"ATCG01060"	0.81863829477356	0	0	13.5	0.85744433892582	0.0388060441522601	4.46568974274949
"AT1G47400"	0.81677115729048	0	0	21.0714285714286	0.842493536340132	0.0257223790496516	5.03356962982168
"AT3G07273"	0.811809081304874	0	0	11.6428571428571	0.856423188389013	0.0446141070841392	4.26275198753749
"ATCG00070"	0.794120128511174	0	0	28.0714285714286	0.814025242088875	0.0199051135777011	5.35386252316076
"AT5G45428"	0.769146706022153	0	0	46.9285714285714	0.782015373245748	0.0128686672235945	5.92526241901596
"ATCG00710"	0.766125823735054	0	0	17.5	0.796609105180534	0.0304832814454795	4.70778185103986
"AT2G41240"	0.745118094414662	0	0	9.64285714285714	0.798488973303788	0.0533708788891262	3.90314781061622
"AT1G47395"	0.737155957433172	0	0	47	0.75000870564474	0.0128527482115679	5.86675856291465
"ATCG00680"	0.724226008619967	0	0	28.0714285714286	0.744131122197668	0.0199051135777011	5.2243458502823
"AT1G31258"	0.709182501280977	0	0	46	0.722262614512142	0.0130801132311651	5.78707656102809
"AT2G07732"	0.679479992224281	0	0	52.8571428571429	0.691173793335956	0.011693801111675	5.88523265269145
"AT5G45430"	0.670890210091681	0	0	28.5	0.690531998011222	0.0196417879195416	5.13571010397315
"ATCG00020"	0.657278512125024	0	0	150.857142857143	0.662930937433778	0.00565242530875461	6.87384474810175
"ATCG00040"	0.640607744267082	0	0	8.35714285714286	0.701821226476059	0.0612134822089771	3.51918223730627
"ATCG00490"	0.613768390270356	0	0	77	0.622546284883947	0.00877789461359143	6.14816234253167
"ATCG00330"	0.60243989573753	0	0	39.7857142857143	0.617189121293889	0.0147492255563592	5.38700152348945
"AT1G61275"	0.59354560575564	4.01456645704457e-13	5.53236722488683e-11	5.5	0.685314685314685	0.0917690795590458	2.90068655960716
"ATCG00130"	0.578194840345084	0	0	21.2142857142857	0.603760125645647	0.0255652853005637	4.5617174483016
"AT3G13857"	0.576642413155936	0	0	9.42857142857143	0.631171858444586	0.0545294452886496	3.53292549794452
"ATCG00720"	0.572288844713871	0	0	27.5714285714286	0.592511518120259	0.0202226734063882	4.87279756250419
"ATCG00340"	0.564865525430913	0	0	43	0.578691184424013	0.0138256589931003	5.38737351422477
"AT4G22513"	0.555502807381042	0	0	156.428571428571	0.561039177665186	0.00553637028414481	6.66301727159634
"AT2G07671"	0.542873980611838	0	0	11	0.589955499046408	0.0470815184345704	3.64737337974112
"ATCG00430"	0.523153955667987	3.18300941160032e-13	4.42703558996745e-11	6.42857142857143	0.602013295346629	0.0788593396786417	2.93244181364043
"AT5G04150"	0.518660148382506	1.22124532708767e-15	1.95152404874297e-13	7.78571428571429	0.584190659941859	0.0655305115593538	3.15620059331648
"AT4G22520"	0.514956104893939	0	0	74	0.523992807776592	0.0090367028826521	5.85760671034461
"AT1G29951"	0.511040796179864	0	0	9.28571428571429	0.566372325898953	0.0553315297190889	3.35557705932841
"AT4G22517"	0.504445069965628	0	0	137.285714285714	0.510419612298184	0.00597454233255551	6.41671175121338
"ATCG00730"	0.500732420080996	0	0	29	0.52007683161072	0.0193444115297235	4.74873602338074
"AT5G50335"	0.500274882538388	0	0	14.7142857142857	0.536076045737654	0.0358011631992659	3.9043593031986
"AT1G26250"	0.492289845606111	0	0	9.78571428571429	0.544916535859047	0.0526266902529359	3.37216870091998
"AT4G10270"	0.492064286374008	3.03090885722668e-14	4.50765167766356e-12	7.5	0.56	0.0679357136259922	3.04318472717883
"ATCG00270"	0.491221267781211	0	0	31.2857142857143	0.509327289961555	0.0181060221803443	4.81405148752655
"ATCG00280"	0.48886287738157	0	0	42.7857142857143	0.502745790306304	0.0138829129247347	5.17844688400733
"AT2G30766"	0.487075884614901	0	0	172.642857142857	0.492317125505123	0.00524124089022288	6.55353569757934
"ATCG00140"	0.476325205834461	0	0	36.4285714285714	0.49221305415077	0.0158878483163091	4.95328726098257
"ATCG00350"	0.465831441727265	0	0	37.7142857142857	0.481259271031998	0.0154278293047336	4.96320733906249
"ATCG00640"	0.45557428112711	2.00950367457153e-14	3.0184754695739e-12	8.35714285714286	0.516787763336087	0.0612134822089771	3.07765056466197
"ATCG00540"	0.448008713792164	0	0	10.4285714285714	0.497538865713007	0.049530151920843	3.3284302763452
"AT4G22490"	0.442715985261879	0	0	210.142857142857	0.447449128300448	0.0047331430385685	6.56278133569112
"AT5G59330"	0.43774896541083	2.61357602227008e-11	3.16601011536443e-09	6.71428571428571	0.513354459031236	0.0756054936204057	2.76339234449516
"AT1G63245"	0.424467669566536	9.60087009893584e-10	8.95743290410654e-08	5.92857142857143	0.509775896914814	0.0853082273482782	2.57910637121428
"AT4G22510"	0.417280154938066	4.49640324973188e-14	6.49427627059833e-12	9.07142857142857	0.473862178493588	0.0565820235555218	3.06605183806847
"AT1G25470"	0.411301594877028	0	0	11.7142857142857	0.455658262023521	0.0443566671464926	3.36072935271982
"AT5G15120"	0.400304952818984	7.55041362765496e-10	7.27017712185931e-08	6.42857142857143	0.479164292497626	0.0788593396786417	2.60316686662208
"AT5G07840"	0.383498842602422	7.13732184465243e-10	6.91675557603382e-08	6.78571428571429	0.458333688472193	0.0748348458697709	2.6146162268719
"ATCG00120"	0.377530140074211	0	0	23.2857142857143	0.401034172271328	0.0235040321971171	4.09274499209644
"AT5G27889"	0.369730890636011	0	0	15.7857142857143	0.403264596421985	0.0335337057859737	3.58804292534579
"AT2G14580"	0.369391653315286	9.58837453879369e-09	8.04619966185586e-07	6.21428571428571	0.450887730316981	0.0814960770016951	2.46796573275523
"AT3G05727"	0.366088627002525	0	0	293.642857142857	0.370156601440611	0.00406797443808551	6.50768133411031
"AT3G44006"	0.361624488089909	0	0	14.0714285714286	0.398951868817106	0.0373273807271975	3.4179085213353
"AT3G55240"	0.354469368683178	0	0	16.7142857142857	0.386273088442714	0.031803719759536	3.60235375089634
"AT4G29030"	0.345594442321919	0	0	34.7857142857143	0.362119579125174	0.0165251368032555	4.45373206249465
"AT5G03552"	0.340734708637604	1.11022302462516e-16	1.83260000581258e-14	14.3571428571429	0.377366896858989	0.0366321882213846	3.36478408527627
"AT3G25572"	0.330947522899382	3.54010154524076e-11	4.25406922488492e-09	9.35714285714286	0.385874949012295	0.0549274261129134	2.81253479302828
"ATCG00890"	0.329924107607006	8.11070371975475e-08	6.00152121056336e-06	6.28571428571429	0.410521296884933	0.0805971892779269	2.34865563495831
"AT3G22231"	0.323975887762138	5.46513945209881e-11	6.41342653984189e-09	9.42857142857143	0.378505333050788	0.0545294452886496	2.79520624303719
"AT5G58390"	0.31894140870597	1.4292910188729e-09	1.30910856063963e-07	8.21428571428571	0.381177839174059	0.0622364304680881	2.61463302369781
"AT5G53450"	0.317750331787168	0	0	44.7142857142857	0.331137714677406	0.0133873828902375	4.62848547496676
"AT4G22485"	0.317503332212911	0	0	22.0714285714286	0.342168760115786	0.0246654279028756	3.79414582735665
"ATMG01390"	0.313212334632047	0	0	75.9285714285714	0.322080313026967	0.00886797839492017	5.18267141392201
"AT2G16005"	0.307155085205089	0	0	17.2857142857143	0.337986581412577	0.0308314962074884	3.45448916229092
"AT4G22505"	0.302470955335329	0	0	24.5	0.32492871559927	0.022457760263941	3.85483728905138
"AT3G56970"	0.301338397902804	0	0	18.2142857142857	0.330720137225328	0.0293817393225232	3.4926191851643
"ATCG00530"	0.300604359796744	1.65173319466305e-10	1.81099885525793e-08	9.85714285714286	0.3528670447385	0.0522626849417559	2.75527155034684
"AT5G53486"	0.298412398728983	1.73044689688595e-10	1.85664591700885e-08	9.92857142857143	0.35031631584605	0.0519039171170677	2.75474285665452
"AT5G64110"	0.298191968834895	3.15303338993544e-14	4.64330534806081e-12	14.3571428571429	0.33482415705628	0.0366321882213846	3.19221983187972
"ATMG00020"	0.298113912093867	0	0	94.2142857142857	0.305725370854432	0.0076114587605644	5.32791949274722
"AT3G59900"	0.294776700944483	7.24565706766711e-06	0.000408769895036626	5.21428571428571	0.391443047476074	0.096666346531591	2.01771679796995
"AT3G16360"	0.29242577627606	6.88836587614539e-06	0.000393422600097262	5.28571428571429	0.387818171601955	0.0953923953258951	2.02343423952931
"AT5G38940"	0.290672677617707	1.11022302462516e-16	1.83260000581258e-14	18.2142857142857	0.32005441694023	0.0293817393225232	3.44532551145811
"ATCG00820"	0.287380511880263	1.11022302462516e-16	1.83260000581258e-14	18.5	0.316345451480587	0.0289649396003236	3.44912129073701
"ATCG00840"	0.285331389792299	0	0	20.2857142857143	0.311957334472708	0.0266259446804091	3.55044411149607
"AT3G12900"	0.276840793703246	4.60966487203507e-10	4.61611840285592e-08	10.4285714285714	0.326370945624089	0.049530151920843	2.72013367944203
"AT5G38930"	0.272680822942755	2.71011324493031e-10	2.84675601762925e-08	10.9285714285714	0.32005441694023	0.0473735939974754	2.75616218754969
"AT3G47340"	0.272629938888538	0	0	77.1428571428571	0.281396011396011	0.00876607250747384	5.00452745725392
"ATCG01020"	0.270869270601808	0	0	64.9285714285714	0.280834057849383	0.00996478724757482	4.81673509407863
"ATCG00150"	0.270265022496376	2.10809637524179e-08	1.684346577261e-06	8.71428571428571	0.329067868439005	0.0588028459426295	2.48442727709064
"AT3G14981"	0.259386499993541	3.32435776492224e-05	0.00164802567613521	5.28571428571429	0.354778895319436	0.0953923953258951	1.89497402640677
"ATCG00900"	0.259329842030674	4.18520884615248e-10	4.24770419446327e-08	11.4285714285714	0.304735576923077	0.0454057348924025	2.74661150875336
"AT5G64120"	0.254723027502459	0	0	62.0714285714286	0.265036299442208	0.0103132719397488	4.68361595207996
"AT1G52400"	0.249710689421247	0	0	24.2142857142857	0.272405190722992	0.0226945013017445	3.58533950302303
"AT3G23290"	0.245857168305006	4.47775505563186e-09	3.86553785578426e-07	10.7857142857143	0.293826519079797	0.0479693507747917	2.61477979196052
"AT1G66100"	0.242145330218683	0	0	205.571428571429	0.24693049128596	0.00478516106727674	5.68939369677516
"AT1G13650"	0.239634835054213	5.83771364581764e-10	5.76896688643598e-08	12.5	0.281353846153846	0.0417190110996333	2.75360881943436
"AT1G52060"	0.237569547377176	0	0	27.1428571428571	0.258073726827189	0.0205041794500139	3.65379336027068
"ATMG00030"	0.232774659564179	0	0	34.2857142857143	0.249505876068376	0.0167312165041975	3.89845954190204
"AT1G55990"	0.231539499683307	1.01860231360718e-09	9.38676402005729e-08	12.7142857142857	0.272595728977499	0.0410562292941916	2.73108992025658
"AT5G01600"	0.224480938365343	0	0	105.285714285714	0.231543745345159	0.00706280697981625	5.03489930656967
"AT2G27550"	0.223739036461897	2.33146835171283e-15	3.68641959063983e-13	24.7857142857143	0.24596551369467	0.0222264772327728	3.46810483968581
"ATCG00905"	0.221914463778418	1.02287742720364e-08	8.53591213001437e-07	11.7857142857143	0.266016811471357	0.0441023476929387	2.59259006095885
"AT4G39675"	0.219077400078981	4.59731031021704e-10	4.61611840285592e-08	14.3571428571429	0.255709588300366	0.0366321882213846	2.80332247006467
"AT5G36920"	0.213903937588768	1.17648534290193e-05	0.000644963004953648	7.35714285714286	0.283112306677204	0.0692083690884368	2.03235605065986
"AT5G57080"	0.213885485437149	2.79376521916674e-12	3.71372985461094e-10	19.3571428571429	0.241673850175913	0.0277883647387636	3.12050853377723
"AT3G02550"	0.213539163029318	1.65437170795979e-06	0.000104413098425479	8.71428571428571	0.272342008971947	0.0588028459426295	2.21146165092693
"AT3G08770"	0.212304733182033	0	0	123.5	0.218678959094308	0.00637422591227494	5.1004204519219
"AT3G48450"	0.211442933662427	5.69947422590644e-10	5.6696557845921e-08	14.9285714285714	0.246764567590556	0.0353216339281295	2.80451126914099
"AT4G36570"	0.206963235516688	3.37639168342951e-05	0.00166284522874737	6.92857142857143	0.280304454818218	0.0733412193015301	1.934298516753
"ATCG00790"	0.20675531686823	1.04816155754861e-12	1.43131225053979e-10	21.4285714285714	0.232088888888889	0.025333572020659	3.19555504044236
"AT5G33370"	0.205094275616259	6.95488166621017e-05	0.00319477912868939	6.5	0.283113336367774	0.0780190607515149	1.85948117519556
"AT2G43510"	0.205037575731038	3.20997580738336e-08	2.51130451055757e-06	12.2142857142857	0.247676471129841	0.0426388953988038	2.53821485205871
"AT1G56430"	0.200761056196494	8.88178419700125e-16	1.43455140239952e-13	31.3571428571429	0.218831287796268	0.0180702315997742	3.59813212284537
"AT3G56980"	0.200391766232044	3.95921073703676e-11	4.71994480008168e-09	18.7142857142857	0.229052457943548	0.0286606917115041	2.99853271052537
"AT4G33610"	0.198461171499786	1.63177887868571e-08	1.31779303960957e-06	13.3571428571429	0.23765664973592	0.0391954782361335	2.60011963606985
"ATCG00750"	0.194916632816783	2.93487702692774e-05	0.00147935529602287	7.57142857142857	0.262234027986965	0.0673173951701819	1.96180364642766
"AT1G08115"	0.194779118382983	1.3988810110277e-14	2.12248400673202e-12	29.2142857142857	0.21399919895266	0.0192200805696774	3.47691910735611
"AT2G36854"	0.193444073376041	3.59121934068174e-06	0.000213216228127986	9.28571428571429	0.24877560309513	0.0553315297190889	2.16867129550221
"AT5G51720"	0.192544286272304	0	0	81.8571428571429	0.200943378323384	0.00839909205108029	4.58041184712843
"AT2G18193"	0.191240762355721	1.36393251761735e-05	0.00074230544735979	8.35714285714286	0.252454244564698	0.0612134822089771	2.04410058873351
"AT4G35770"	0.190620366868323	0	0	162.714285714286	0.196035344552943	0.0054149776846205	5.178014588491
"AT1G52070"	0.190159913546454	0	0	58.6428571428571	0.20093619048282	0.0107762769363668	4.22080669341577
"AT4G12545"	0.189726449743059	0	0	69.0714285714286	0.199237143778252	0.00951069403519237	4.38879219944451
"AT1G67148"	0.188189017486988	3.6722969110059e-10	3.75248788436868e-08	18.2142857142857	0.217570756809511	0.0293817393225232	2.88849295293234
"AT5G55450"	0.188113544920641	5.06048710713358e-08	3.76304835823037e-06	13.3571428571429	0.227309023156774	0.0391954782361335	2.53589582049927
"ATCG00800"	0.187894664573516	2.80384396811328e-08	2.227920602841e-06	13.9285714285714	0.22558033682294	0.0376856722494242	2.58155328443137
"AT2G30540"	0.178759976131781	9.71583860692737e-05	0.00431779916315551	7.42857142857143	0.247325898953118	0.0685659228213374	1.85084967875929
"AT4G26055"	0.175617967788982	0.000164215727132655	0.00696803513350172	7.14285714285714	0.246830769230769	0.0712128014417871	1.79331373490228
"AT5G04790"	0.173971570671036	2.81808744118095e-08	2.227920602841e-06	15.5714285714286	0.20793380510576	0.0339622344347244	2.61412104071307
"AT5G09530"	0.171922552477747	1.29896093881143e-14	1.99098900631495e-12	37.3571428571429	0.187474988589313	0.0155524361115657	3.59148565075782
"AT5G05250"	0.171006316281054	1.40875089371661e-11	1.74883034500143e-09	25.7142857142857	0.192516619183286	0.0215103029022316	3.16188324757213
"AT5G02760"	0.170991623520449	1.37690274737423e-08	1.13018886165619e-06	16.7857142857143	0.202670195354668	0.0316785718342193	2.6775547409674
"AT5G23940"	0.170502340489645	9.32218746640956e-11	1.06892044223617e-08	23.1428571428571	0.194136681791003	0.0236343413013579	3.03811617667053
"AT2G33790"	0.168850263852109	1.51233839895681e-08	1.23461060275708e-06	17	0.200159701889806	0.0313094380376967	2.67648202653727
"AT2G38530"	0.16742841741949	0	0	132.285714285714	0.173538295039072	0.00610987761958156	4.8279667668273
"AT4G30140"	0.166332170962421	5.55111512312578e-16	9.06340220266004e-14	47.6428571428571	0.179043796058377	0.0127116250959558	3.8160921434197
"AT2G35380"	0.16632980559501	8.42347303020574e-11	9.7329991066708e-09	24.2857142857143	0.188964599414426	0.0226347938194162	3.06150191536173
"AT4G13493"	0.166070864560737	1.57171919923371e-09	1.41370024501135e-07	20.2857142857143	0.192696809241146	0.0266259446804091	2.85542806531
"ATCG00810"	0.165266974735574	5.19295562440014e-07	3.49790970556567e-05	13.5	0.204073018887834	0.0388060441522601	2.39473217299524
"AT4G38080"	0.163749346026611	0	0	166.285714285714	0.169099439253016	0.00535009322640474	4.98216403446908
"AT1G62500"	0.16358400605147	2.07671324581327e-10	2.19678237080008e-08	23.6428571428571	0.186769154942136	0.0231851488906666	3.00998331604383
"AT5G09520"	0.161758241455033	2.02696589068907e-07	1.4567968729206e-05	15	0.196923076923077	0.0351648354680436	2.48542681473062
"AT5G04238"	0.158593715643397	4.80166773009216e-09	4.09805971441559e-07	20.2857142857143	0.185219660323806	0.0266259446804091	2.79833262527645
"AT1G15125"	0.158199072509298	0.000134407516860224	0.00585198640799255	8.35714285714286	0.219412554718275	0.0612134822089771	1.84172473348001
"AT4G20390"	0.154923642355139	8.54871728961371e-15	1.32381734440503e-12	48.1428571428571	0.167528110664002	0.0126044683088623	3.73239602760051
"AT2G47200"	0.15412776141408	4.33589537607304e-08	3.3060652002027e-06	18.1428571428571	0.183615751846888	0.0294879904328084	2.63849041543821
"AT4G14630"	0.153581488427835	1.89844817644058e-09	1.68737219279964e-07	22.7857142857143	0.177548751108366	0.0239672626805313	2.88907816016596
"AT1G25098"	0.153460594953077	2.32922936493907e-09	2.03414850527615e-07	22.5	0.177701804368471	0.024241209415394	2.87392474738774
"ATCG00770"	0.15314011383143	1.49157398621202e-06	9.53767070626134e-05	13.7857142857143	0.191191503334111	0.0380513895026815	2.32899736856091
"AT5G03545"	0.150875777519377	4.77395900588817e-15	7.46975398202565e-13	53.2142857142857	0.16250716357198	0.011631386052604	3.80440838508027
"AT5G54370"	0.150707213649853	1.46693102109907e-10	1.64438588566635e-08	27.9285714285714	0.170701898359357	0.0199946847095047	3.093790665535
"AT2G01010"	0.148327631171589	0	0	3345.57142857143	0.150868517992192	0.00254088682060285	5.89181586277571
"AT4G31940"	0.146910065749529	0	0	97.7857142857143	0.154330965655073	0.0074208999055436	4.37828960167611
"AT2G23540"	0.146258452136432	2.91544566266566e-13	4.09279526157952e-11	44.2142857142857	0.159770154863601	0.0135117027271696	3.56371653957307
"AT2G05510"	0.145780085925957	1.56707868903538e-10	1.73081536676474e-08	29.5714285714286	0.164796952446606	0.0190168665206486	3.11533811062713
"AT1G06360"	0.144978901861828	4.11892742135933e-14	6.00683580546005e-12	51.2142857142857	0.156971024322786	0.0119921224609586	3.710339346902
"AT5G58860"	0.144341190308787	7.79565301201046e-12	9.92360202486518e-10	36.7857142857143	0.16009802997455	0.0157568396657633	3.34490544646885
"AT3G06390"	0.143905603631732	9.37083743934863e-12	1.18285167375173e-09	36.5714285714286	0.159740741436298	0.0158351378045661	3.33453098755691
"AT2G41480"	0.143196998076994	6.67468587820519e-05	0.00308493712543139	10.3571428571429	0.193052227202049	0.049855229125055	1.95317446197931
"AT1G09530"	0.142693632863609	4.09713191207306e-06	0.000240402415825193	13.9285714285714	0.180379305113033	0.0376856722494242	2.25894579464523
"AT5G09480"	0.14113571064909	5.10702591327572e-14	7.30596535650615e-12	54	0.152632689669727	0.0114969790206362	3.73073725097996
"AT3G25570"	0.139481607959326	9.57054395552825e-05	0.00426584987406498	10.2857142857143	0.189666429249763	0.0501848212904367	1.91814136267675
"AT1G52050"	0.138227703673225	8.57072861193409e-06	0.000476818201777266	13.5714285714286	0.176842105263158	0.0386144015899329	2.19525089532909
"AT2G40205"	0.137865878069552	0	0	290.785714285714	0.141950300723093	0.00408442265354108	5.11910993206888
"AT5G64572"	0.137690144800893	0	0	102.857142857143	0.144863188509022	0.00717304370812912	4.33596180325922
"AT2G15128"	0.136803733162799	1.17596140603027e-08	9.75918026518268e-07	24.3571428571429	0.159379169690399	0.0225754365276	2.81963729675426
"AT4G37483"	0.136721422591466	2.74375642428382e-07	1.89926107139019e-05	18.9285714285714	0.165084755045595	0.0283633324541297	2.54110794671853
"AT3G57157"	0.136583812165872	3.5453107116723e-10	3.64754193150888e-08	31.6428571428571	0.154512497270932	0.0179286851050593	3.10738194129835
"AT3G45140"	0.135414553999645	1.44735178175814e-07	1.05027396684971e-05	20.2857142857143	0.162040498680054	0.0266259446804091	2.60544981230165
"AT3G61198"	0.134361728273083	0.000161193305713292	0.00685916330062141	10.1428571428571	0.185219660323806	0.0508579320507232	1.86469253652886
"AT5G09670"	0.134162893069797	2.73955758212097e-06	0.000165931025971932	15.8571428571429	0.167556329718492	0.033393436648695	2.327009708249
"AT2G42610"	0.134023145605702	0.00021802703246987	0.0087332908126131	9.78571428571429	0.186649835858638	0.0526266902529359	1.82646766971317
"AT4G12550"	0.133826240735022	1.81957671152588e-10	1.93842991374683e-08	34.5714285714286	0.150438967493813	0.0166127267587917	3.17881751278332
"AT5G42510"	0.133562732267571	9.46923359986807e-05	0.00423325469951245	10.9285714285714	0.180936326265046	0.0473735939974754	1.93332705312544
"AT3G28220"	0.132873795954549	9.7344410310285e-10	9.02599004488142e-08	31	0.151124629792684	0.0182508338381346	3.04970452134355
"AT2G16060"	0.132491244726095	3.00150899690266e-08	2.36050610693585e-06	23.9285714285714	0.155428140582964	0.0229368958568687	2.76050566637751
"AT5G25980"	0.13174821349848	0	0	252.428571428571	0.136089506522545	0.00434129302406473	4.97028721536442
"AT3G54580"	0.131705744218657	1.30034157108661e-07	9.52801499477653e-06	21.4285714285714	0.157039316239316	0.025333572020659	2.63200338056445
"AT3G03820"	0.131528596045753	0.000138847612945581	0.00602783235276176	10.6428571428571	0.180109697068393	0.04858110102264	1.89040876561406
"AT5G64570"	0.129575059360547	1.54602530777481e-09	1.39896663542683e-07	31.4285714285714	0.147609663064209	0.0180346037036613	3.03294754205351
"AT5G56080"	0.129047221168159	2.16486834292429e-06	0.000134373914789528	17.2142857142857	0.159996715462358	0.0309494942941996	2.37005454712074
"AT1G49860"	0.128116491468876	2.66864308429149e-12	3.579079265102e-10	52	0.139963586709149	0.0118470952402724	3.56244626389447
"AT3G50480"	0.12806449326481	6.47332703551662e-07	4.34088595537925e-05	19.5	0.155666818388712	0.0276023251239016	2.49559975050075
"AT3G20380"	0.126993709086972	0.000148947869319072	0.00640386051123413	11.0714285714286	0.173786920675578	0.046793211588606	1.89294835338037
"AT3G52790"	0.126795432869942	3.26411636919488e-06	0.000196121167926705	17	0.158104870907639	0.0313094380376967	2.33621229566039
"AT2G22510"	0.123767149811994	1.12141296249035e-10	1.27611697799755e-08	42.3571428571429	0.137766308493369	0.0139991586813752	3.29881108009763
"AT5G60530"	0.122942036168009	5.94992377167536e-06	0.000345072606078516	16.7857142857143	0.154620608002229	0.0316785718342193	2.28715341509399
"AT1G42430"	0.122133047231631	1.67298064290833e-10	1.8210030606613e-08	42.2857142857143	0.136151809293701	0.01401876206207	3.27978529243686
"AT4G14130"	0.121786456733706	1.70166325474952e-10	1.83889811148148e-08	42.5	0.135746606334842	0.0139601496011356	3.28152982401015
"AT5G37690"	0.120757763860678	7.93584797875724e-09	6.69687485892767e-07	31.6428571428571	0.138686448965737	0.0179286851050593	2.95148523948167
"AT5G57625"	0.119566436479594	2.13433010820552e-07	1.52665583596929e-05	24.2142857142857	0.142260937781339	0.0226945013017445	2.648124887537
"AT1G21400"	0.118401045235541	4.70432315324842e-08	3.53318190424723e-06	28.2142857142857	0.138217494730874	0.0198164494953335	2.80216983111273
"AT4G08770"	0.116677889652613	7.20803952314331e-06	0.000408573440291078	17.8571428571429	0.146599384615385	0.0299214949627718	2.29262488416445
"AT1G62380"	0.116284496468607	0	0	395.142857142857	0.119922467591639	0.00363797112303226	5.04282407276095
"AT5G48485"	0.115480950395353	8.62643290133747e-14	1.22243064727349e-11	95.3571428571429	0.123029877303328	0.0075489269079745	4.02659332287989
"AT4G02270"	0.115046524007233	1.93069926712752e-09	1.70594315832485e-07	39.4285714285714	0.129907663225244	0.0148611392180102	3.1278699189219
"AT5G24210"	0.114798203424143	4.36220239989904e-05	0.00211369813706076	14.9285714285714	0.150119837352272	0.0353216339281295	2.08749064560047
"AT3G22235"	0.112820413190589	1.68641561653082e-05	0.000901482169961192	17.1428571428571	0.143888888888889	0.0310684756983	2.21143182548772
"ATCG00920"	0.111114455430062	0	0	1197.28571428571	0.113918977375235	0.00280452194517245	5.34410941846073
"AT3G28550"	0.109897477020388	2.14690864863698e-07	1.52837510953441e-05	28.2142857142857	0.129713926515721	0.0198164494953335	2.71056297666565
"AT5G54510"	0.109330440116696	5.15178390503301e-07	3.48580838006761e-05	26.1428571428571	0.130527360304302	0.0211969201876065	2.6224256785815
"AT5G07475"	0.109077516633069	5.0359598287808e-05	0.0023713213977466	15.8571428571429	0.142470953281764	0.033393436648695	2.09303133569929
"AT4G27260"	0.10815733327054	4.61767363990617e-06	0.000269891345311403	21.2142857142857	0.133722618571103	0.0255652853005637	2.386985480107
"AT5G47500"	0.108035878425099	6.1302629639215e-11	7.13819224659417e-09	62.8571428571429	0.118250158931977	0.0102142805068781	3.53318263315735
"AT3G04290"	0.1072948256302	8.1358564330003e-10	7.78399359745844e-08	50.1428571428571	0.119492037090109	0.0121972114599086	3.29229122063975
"AT1G23720"	0.107163030872907	1.95056911411751e-06	0.000121574683249623	23.6428571428571	0.130348179763574	0.0231851488906666	2.4910975400469
"AT5G59090"	0.107093885595821	1.47348688805948e-09	1.34140888154797e-07	47.6428571428571	0.119805510691777	0.0127116250959558	3.2364738831444
"AT1G73260"	0.106242935678144	1.48503431773861e-12	2.00961265646411e-10	97	0.113704554559056	0.00746161888091174	3.92965756075539
"AT1G01580"	0.106149150210464	4.28024282683737e-12	5.63978311420387e-10	86.7857142857143	0.11420720991823	0.00805805970776508	3.82507742544759
"AT3G49110"	0.105906040817306	0.000117910709263147	0.00517876246737349	14.8571428571429	0.141385980883022	0.0354799400657162	1.99456359922433
"AT5G08760"	0.105630752325493	2.02525355154082e-05	0.00106368299292639	18.6428571428571	0.134392082866122	0.0287613305406283	2.2242458268348
"AT5G45950"	0.104987863305174	2.37273135250682e-07	1.68116970028325e-05	30.5	0.12349864593885	0.0185107826336762	2.73805742534684
"ATCG00950"	0.102787785675975	1.11022302462516e-16	1.83260000581258e-14	1177.07142857143	0.105599358400426	0.00281157272445074	5.23107989471428
"AT4G13235"	0.101236518332125	2.42862130850341e-07	1.71269111150374e-05	32.7142857142857	0.11865642414259	0.0174199058104644	2.76798148276487
"AT2G33830"	0.100939747090724	1.07509556812602e-11	1.34575087740174e-09	94.0714285714286	0.108559129164045	0.00761938207332138	3.83266324184729
"AT2G45220"	0.100760881721913	2.55284557715285e-07	1.79188286983238e-05	32.8571428571429	0.118115457321506	0.0173545755995932	2.76680978703264
"AT5G15960"	0.0999905244323758	2.53279260719053e-05	0.00130739098806216	19.8571428571429	0.127139461645957	0.0271489372135813	2.22744425691186
"AT4G00080"	0.0998972615944874	1.20058743021678e-05	0.000655782683246774	21.7857142857143	0.124854774357596	0.0249575127631088	2.32270492079571
"AT1G05240"	0.0992633803183334	1.78595427335893e-09	1.59683447262645e-07	56.7857142857143	0.110313796009773	0.0110504156914399	3.31944068118319
"AT5G67400"	0.0991581011486998	1.04837171724936e-05	0.000578955572235393	22.4285714285714	0.123468887800098	0.0243107866513982	2.34447906921797
"AT5G44550"	0.0988042568376674	3.51388029784516e-10	3.64013765199532e-08	68.4285714285714	0.108381809568607	0.00957755273093963	3.50032176610563
"AT1G74460"	0.098295377410092	2.66967646311844e-06	0.000162353077540494	26.7142857142857	0.119090095183206	0.0207947177731142	2.51776441820645
"AT5G01215"	0.0981856922934827	7.59223897417449e-06	0.000425222532204402	23.7142857142857	0.121308217113123	0.0231225248196408	2.39130643443341
"AT1G16400"	0.0978977150185633	2.87449133828943e-07	1.98063001800209e-05	34.4285714285714	0.114569440820711	0.0166717258021472	2.78074692424054
"AT2G39530"	0.0977143112702097	2.60743504121308e-07	1.82168752344473e-05	34.9285714285714	0.114181651838319	0.0164673405681097	2.79365135115635
"AT3G52748"	0.0976044069785715	0.0001510437886727	0.00646389957165991	16.2857142857143	0.130182067855198	0.0325776608766266	1.99857581067343
"AT5G15265"	0.0970811621334194	0.000105100131904012	0.00464326200391226	17.2857142857143	0.127912658340908	0.0308314962074884	2.05268223342111
"AT2G48140"	0.0958918800087069	1.26123057231364e-06	8.1881165687071e-05	30.5	0.114402662642383	0.0185107826336762	2.62768283164601
"AT3G49780"	0.0945177660621265	4.45581349595159e-11	5.27013972619597e-09	101.857142857143	0.10173772927206	0.0072199632099331	3.81671950358905
"AT3G53980"	0.0943815856710057	9.43750633197737e-10	8.86004891328951e-08	70.5	0.103748070248749	0.00936648457774359	3.46943301363355
"AT5G23020"	0.0942835591054502	8.97537155708505e-10	8.5328516556313e-08	71.1428571428571	0.103587038918727	0.00930347981327688	3.47692925685056
"AT1G21100"	0.0941172081732409	6.11466367739233e-06	0.000353262934992731	26.2857142857143	0.115211938345209	0.0210947301719678	2.44933567872947
"AT1G73830"	0.0939002554716531	2.76222132058468e-05	0.0014064856425933	21.8571428571429	0.118784031125438	0.0248837756537852	2.25506358918475
"AT3G05920"	0.0935837885229336	7.1537951102485e-05	0.00327613281558057	19.3571428571429	0.121372153261697	0.0277883647387636	2.12688461426217
"AT3G22620"	0.0933051889338834	1.42071798769905e-10	1.60455675888928e-08	92.2142857142857	0.101029808066728	0.00772461913284414	3.7091733998241
"AT5G64100"	0.0929450135780342	1.61067825743544e-11	1.98311459876539e-09	126	0.0992402659069326	0.00629525232889835	3.9785894899168
"AT5G44572"	0.0920559959312473	0.000206619565097821	0.00832073052904656	17.0714285714286	0.123244448693933	0.0311884527626858	1.9824387761708
"AT5G42530"	0.0918503990058268	6.58095800076808e-12	8.44893761790917e-10	153.714285714286	0.0974422579949038	0.00559185898907692	4.12314767911039
"AT5G05500"	0.0916632726151616	8.47785808354429e-05	0.00382420138957714	19.5714285714286	0.119173596396677	0.0275103237815154	2.11501960912655
"AT4G18970"	0.091537200696566	1.02053698936011e-07	7.51445397900893e-06	44.8571428571429	0.104889572677313	0.0133523719807466	2.97370330608303
"ATCG00780"	0.0906681130739032	6.78146235280064e-05	0.00312467319022756	20.5714285714286	0.116957502374169	0.0262893893002658	2.15343187419491
"AT4G11880"	0.0906249665756897	0.000181307291443278	0.00758611928905147	17.8571428571429	0.120546461538462	0.0299214949627718	2.01033514012543
"AT4G17215"	0.0900337807681399	1.54361508852841e-06	9.80888312541376e-05	33.8571428571429	0.106946481565934	0.0169127007977937	2.66071005207309
"AT4G12480"	0.0888636768257982	3.23202087315622e-08	2.51545002775542e-06	55.3571428571429	0.100137484991595	0.0112738081657972	3.15093529777244
"AT3G62680"	0.088342311277867	2.88999565021264e-05	0.00146163719400148	24.2142857142857	0.111036812579612	0.0226945013017445	2.2906233682842
"AT5G01015"	0.0880556429166515	0.000131838553931174	0.00575682243779117	19.6428571428571	0.115474634456453	0.0274189915398012	2.07432856381126
"AT4G28780"	0.0878861250570065	2.25330106840005e-06	0.000139287388265173	34	0.104737822730902	0.0168516976738958	2.63581667591364
"AT1G16410"	0.0869007231743783	0.000181162388623313	0.00758611928905147	19.1428571428571	0.11497335366794	0.0280726304935622	2.03406337920723
"AT3G19390"	0.0866989983711722	5.33207770248012e-06	0.000310438523910674	31.3571428571429	0.104769229970946	0.0180702315997742	2.53552816715742
"AT5G22580"	0.0861980489558869	2.62633154557435e-07	1.82639472898483e-05	46.3571428571429	0.0991958343294166	0.0129977853735298	2.93201370602609
"AT4G36850"	0.0847753249548207	4.65671945448776e-12	6.08248547181396e-10	292.071428571429	0.0888523060881411	0.00407698113332048	4.44583603497259
"AT5G45070"	0.0846401981186734	1.96869345558959e-05	0.00103760506654074	27.6428571428571	0.104816802491221	0.0201766043725477	2.37711470314595
"AT5G58570"	0.0843620432291461	2.587118645625e-05	0.00133085990328538	26.7857142857143	0.105107692307692	0.0207456490785462	2.34098755553389
"AT2G25510"	0.0841376793793459	2.85208634487333e-10	2.97508256849599e-08	129	0.0903422039171093	0.00620452453776339	3.86400754528519
"AT5G12420"	0.0841198076615098	0.000102520608401102	0.0045426609403922	22.0714285714286	0.108785235564385	0.0246654279028756	2.14092054498455
"ATCG00480"	0.0836652965839437	3.87089187925405e-06	0.000228916011489272	35.2142857142857	0.100018451486674	0.0163531549027303	2.61262527711747
"AT4G16260"	0.0834597445724646	4.77024719724994e-09	4.09450760856522e-07	86.3571428571429	0.0915459139695481	0.00808616939708354	3.50096716263681
"AT3G10020"	0.0833182536873686	2.42951757600807e-06	0.000149564686513185	37.7857142857143	0.0987214442926794	0.0154031906053108	2.68013428060002
"AT2G48130"	0.0826208741782004	1.47184822496538e-06	9.48868334214804e-05	41.1428571428571	0.0969625474833808	0.0143416733051804	2.75721424368963
"AT4G15620"	0.0820686093658772	2.80099391407607e-05	0.00142140978322083	27.9285714285714	0.102063294075382	0.0199946847095047	2.35177567333017
"AT1G08830"	0.0820515418405916	1.29611846810818e-08	1.06972502799192e-06	79.4285714285714	0.0906342441265582	0.00858270228596654	3.40055238278029
"AT1G47600"	0.0816668471223598	1.26465817451571e-06	8.1881165687071e-05	43.1428571428571	0.0954546527986289	0.0137878056762691	2.79142265063595
"AT4G40090"	0.0816574513215985	5.04994445371665e-07	3.43236269860985e-05	48.7857142857143	0.0941273740975342	0.0124699227759357	2.91616181732127
"AT4G19690"	0.0810939878713333	2.0078383400346e-11	2.45201135818371e-09	293	0.0851656351895143	0.00407164731818105	4.38658690513574
"AT4G26010"	0.0808647359089543	2.38131579072265e-05	0.00123718998491653	29.4285714285714	0.0999622961636347	0.0190975602546804	2.38799569761472
"AT4G16370"	0.0808104957597003	7.55675311214787e-09	6.41299370042786e-07	90.8571428571429	0.0886147395581358	0.00780424379843552	3.50521593415591
"AT5G50562"	0.0804564001969374	2.38855665818383e-05	0.00123718998491653	29.7142857142857	0.099393348884843	0.0189369486879055	2.39194542607974
"AT2G05380"	0.0801898332688773	5.00366414968312e-12	6.47931372348191e-10	578.428571428571	0.0834336157720037	0.00324378250312646	4.68487977434878
"AT3G19710"	0.0792700871054859	6.68962774064141e-10	6.52499339559576e-08	150.142857142857	0.0849380141649477	0.00566792705946184	3.90551728168713
"AT5G13740"	0.0791369791031798	2.59286464987518e-06	0.000158437800149394	42.1428571428571	0.093195147283053	0.0140581681798733	2.72884621569333
"AT1G80240"	0.0776963516456085	9.2829012698914e-07	6.089015719434e-05	51	0.0897288025315707	0.0120324508859622	2.89864062341307
"AT2G36100"	0.0770077341818176	3.99490875935271e-08	3.06160839154271e-06	83.7142857142857	0.0852736065202139	0.00826587233839632	3.36686028714021
"AT3G22183"	0.0762745613257494	4.88548587260773e-05	0.00231519485808157	29.7142857142857	0.095211510013655	0.0189369486879055	2.32993210191407
"AT4G15160"	0.0762459663089351	4.40872302510664e-05	0.00212937069325167	30.2142857142857	0.0949091539102102	0.0186631876012751	2.34635182666656
"AT4G27450"	0.0761051212578926	3.40150119182425e-08	2.63370873208207e-06	89.7142857142857	0.0839782859033133	0.00787316464542075	3.41500078773033
"AT5G47450"	0.0755537207460541	1.65354266126183e-05	0.000887066582671927	35.7857142857143	0.0916839742900197	0.0161302535439656	2.50690046724643
"AT2G43590"	0.0743423242651107	4.95586428561623e-08	3.70358395195231e-06	92.0714285714286	0.0820752144015588	0.0077328901364481	3.40786699200031
"AT1G14890"	0.0734819319904069	0.000230377339660248	0.00917903983829334	24.7857142857143	0.0957084092231797	0.0222264772327728	2.10636638200301
"AT3G23190"	0.0731009956630647	0.000200366186860701	0.00820081878156564	25.6428571428571	0.0946645474388121	0.0215635517757473	2.13422940021208
"AT4G25820"	0.0730408763484577	4.87671594436856e-05	0.00231519485808157	32.5	0.0905598543468366	0.0175189779983789	2.36995302265344
"AT3G13610"	0.0728986709374668	7.61499641588337e-06	0.000425222532204402	43.7857142857143	0.0865191933587677	0.0136205224213008	2.66723817510433
"AT5G45670"	0.072894986618522	7.01329428876019e-06	0.000399040505725253	44.3571428571429	0.0863708834023194	0.0134758967837974	2.6801637620463
"AT5G63660"	0.072081690477644	1.84791570068121e-06	0.000115656423916385	56.3571428571429	0.0831979347499306	0.0111162442722866	2.90387827401996
"AT3G18290"	0.0718848626630734	3.16948396642536e-05	0.00157719104867156	36.0714285714286	0.0879063138606321	0.0160214511975587	2.45596195980477
"AT4G30460"	0.0712647582667848	0.000149214511612539	0.00640386051123413	28.3571428571429	0.0909934370206309	0.0197286787538461	2.20546815265117
"AT2G24945"	0.0712201335909847	3.68484491916066e-05	0.00179707972502312	35.9285714285714	0.0872957696548952	0.0160756360639105	2.44103592095032
"AT2G15960"	0.071207951855466	1.55019342917839e-08	1.25867327025344e-06	139.5	0.0771256595051253	0.00591770764965931	3.70410059039669
"AT1G08430"	0.0705940678306306	8.046241616122e-05	0.00365143792494769	32.1428571428571	0.0882811016144349	0.0176870337838043	2.31941251223122
"AT2G16586"	0.0695764396461304	1.74653587015072e-06	0.000109768683286753	63.0714285714286	0.0797641505385234	0.010187710892393	2.96891055812389
"AT3G05890"	0.0695281613891355	9.13390141299431e-10	8.62895176884198e-08	396.071428571429	0.0731632159784314	0.00363505458929588	4.33106955686248
"AT3G08520"	0.0682513289792828	1.50190748726686e-10	1.67112239749893e-08	27708	0.0706630271285711	0.00241169814928829	4.87283429966598
"AT2G05540"	0.06820485173098	2.04020592642351e-08	1.63881995833195e-06	166.928571428571	0.0735435606085414	0.00533870887756144	3.7840362408697
"AT5G44610"	0.0681848003130084	0.000187282837123881	0.00775382878026919	29.7857142857143	0.087082077558761	0.0188972772457525	2.20419744372087
"AT1G31580"	0.0680477599456287	4.10794054328534e-09	3.56678467634041e-07	273.785714285714	0.072237147574839	0.00418938762921031	4.10792964334683
"AT3G53342"	0.0677690942721066	1.70547005503563e-05	0.00090843495378334	46	0.0808492075032718	0.0130801132311651	2.62785860231435
"AT2G34430"	0.0675619481869106	6.17008111269968e-10	6.05756786887986e-08	850.928571428571	0.0705335840341641	0.00297163584725344	4.56898110961748
"AT5G46900"	0.0674055636628293	1.84537473084667e-05	0.000979483174277309	46	0.0804856768939945	0.0130801132311651	2.6213570363724
"AT4G30290"	0.067379354943601	6.57921659085181e-05	0.00305019791392546	36.8571428571429	0.0831102975505355	0.0157309426069345	2.4014221207492
"AT5G66390"	0.0669720815730558	1.88925634206916e-05	0.00099924364486693	46.5714285714286	0.0799210763266618	0.012948994753606	2.62573590850039
"AT3G25930"	0.0665377316223129	7.62700722911624e-07	5.06925998179447e-05	85.0714285714286	0.0747099294136583	0.00817219779134533	3.19250397179814
"AT1G02360"	0.0665258287825293	0.000156117823997493	0.00666206202916572	32.4285714285714	0.0840781218044507	0.0175522930219214	2.26007092600526
"AT3G55230"	0.0664330024912196	2.16160284423061e-05	0.00113133924471039	46.4285714285714	0.0794144742831133	0.0129814717918937	2.61294802047577
"AT4G30280"	0.0662350830123692	8.26213072374626e-05	0.00373811643377689	36.7857142857143	0.0819919226781325	0.0157568396657633	2.37950358776011
"AT3G54040"	0.0659608417494986	1.35199321293911e-07	9.85839322891181e-06	127	0.0722253752199812	0.00626453347048258	3.52722681486867
"AT3G29250"	0.0646617873172901	4.51429353846011e-05	0.00216642821856899	43.5	0.0783560474404708	0.0136942601231807	2.51647330286855
"AT4G22666"	0.0645071798696466	0.000202466974137283	0.00826402244348148	33	0.0817969908879	0.0172898110182534	2.24212567083951
"AT3G21870"	0.0639805158071567	2.5947472762633e-06	0.000158437800149394	77	0.0727584104207481	0.00877789461359143	3.05116716967355
"AT1G72970"	0.0638265706587876	3.55696581875176e-05	0.00174036428545505	47	0.0766793188703555	0.0128527482115679	2.57676064823802
"AT5G40730"	0.0636917340539015	4.62708427129144e-08	3.4926348160336e-06	209.5	0.0684320549552577	0.00474032090135618	3.85161563849661
"AT4G02380"	0.0630269112160162	2.04093353328716e-09	1.79279898266119e-07	2868.92857142857	0.0655922088575731	0.00256529764155689	4.67632632852825
"AT3G14210"	0.0628290253462858	4.39984925160175e-08	3.33788563678333e-06	237.285714285714	0.0672945914502306	0.0044655661039448	3.91357557446799
"AT2G42840"	0.0624628235869295	3.53022557852967e-08	2.71935991872278e-06	271.428571428571	0.0666678031110164	0.00420497952408684	3.98681950660885
"AT1G15380"	0.062043859226606	9.25340038593347e-07	6.089015719434e-05	108.428571428571	0.0689713372304883	0.0069274780038823	3.31559480833344
"AT2G22470"	0.0614134276453992	6.9324909190982e-07	4.62813093758996e-05	121.928571428571	0.067838951688458	0.00642552404305875	3.40022785085503
"AT3G22600"	0.0609738525869315	1.49214607281234e-06	9.53767070626134e-05	104.642857142857	0.0680653419196675	0.00709148933273604	3.26275982690205
"AT2G37130"	0.0601619313401296	1.07453193076701e-06	7.01762788350054e-05	120.642857142857	0.0666304205703958	0.00646848923026618	3.36468029672189
"AT1G77330"	0.0599782557688411	7.28593236442032e-05	0.00332650425671604	48.0714285714286	0.07259789571366	0.0126196399448189	2.52425698269786
"AT1G29418"	0.0595446922386921	3.494950948979e-06	0.000208324040494498	94.6428571428571	0.067132524577594	0.0075878323389019	3.14525219089176
"AT3G01420"	0.0587595297344656	3.56038087345745e-07	2.44203110046595e-05	191.071428571429	0.0637261541149042	0.00496662438043857	3.68154804966647
"AT4G12510"	0.0584830206207125	1.47453730559022e-07	1.06485696477263e-05	279.214285714286	0.0626375009323857	0.00415448031167315	3.91428672898047
"AT2G43610"	0.0584645159101388	0.000189849710223733	0.00783442993755685	42	0.072562358276644	0.0140978423665052	2.36374696495015
"AT1G25560"	0.0579228248810169	0.000141945072714367	0.00612688775069685	45.7857142857143	0.0710529513224211	0.0131301264414042	2.43601376659231
"AT1G67865"	0.0578747045299428	4.07210309338879e-06	0.000239870825748208	102.785714285714	0.0650510693544014	0.00717636482445854	3.1802476337139
"AT2G44790"	0.0573498723250331	8.66611030714282e-07	5.73452171469569e-05	167.142857142857	0.0626848058800722	0.00533493355503905	3.5545735837551
"AT2G40610"	0.0572986822399973	9.40269766214197e-05	0.0042160573606876	51.5714285714286	0.0692243354132075	0.0119256531732102	2.53721101266544
"AT4G17340"	0.0572829321305732	3.67693963831961e-07	2.51051410487268e-05	229.071428571429	0.061822784175052	0.00453985204447886	3.76742144169316
"AT2G17500"	0.0569629402542013	3.01113752916304e-05	0.00151271895737652	67.7142857142857	0.0666162693081456	0.00965332905394432	2.78677609929409
"AT4G22212"	0.0569188532563495	2.34292091247923e-05	0.00122197968841495	71.9285714285714	0.0661468566569799	0.00922800340063041	2.84158215951218
"AT4G30270"	0.0566394715718208	1.54763684223624e-06	9.80888312541376e-05	149.928571428571	0.062312077959176	0.00567260638735517	3.45742816173971
"AT3G16660"	0.0546682921720472	3.42772964373461e-05	0.00168261199276267	75.5714285714286	0.0635668661297501	0.00889857395770289	2.83662890437377
"AT1G66280"	0.0537816178217278	6.4346242039881e-05	0.00300169224124551	68.3571428571429	0.0633666769219682	0.00958505910024041	2.72486512713396
"AT5G43580"	0.0535593636541023	1.64527066369713e-05	0.000885792496035648	99.2857142857143	0.0609043169448945	0.00734495329079222	3.05171926978645
"AT3G22120"	0.053453624484428	7.26593182709401e-06	0.000408769895036626	127.428571428571	0.0597051403220842	0.00625151583765616	3.25557719076315
"AT4G11650"	0.0533780601646931	6.47845617851583e-05	0.00301278298010794	70	0.0627943485086342	0.00941628834394108	2.73740431828419
"AT1G78460"	0.0533549381800823	4.90127169242571e-05	0.00231519485808157	75.2857142857143	0.0622781975899583	0.00892325940987598	2.80308450508875
"AT3G01190"	0.0530311600340665	1.64053045190737e-05	0.000885792496035648	103.785714285714	0.0601614452265904	0.00713028519252386	3.07680753761539
"AT5G53250"	0.0529350381782059	8.98101091417747e-06	0.000497799870634169	125.428571428571	0.0592480640607207	0.00631302588251477	3.230364443435
"AT3G22121"	0.0524131975569664	0.000203628706917369	0.00826677515298866	55.5714285714286	0.0636527646526259	0.0112395670956595	2.50163670692604
"AT3G21510"	0.0523552916121402	0.00020525033547969	0.00831014902760221	55.6428571428571	0.0635835036246346	0.0112282120124944	2.50152430473426
"AT5G23010"	0.0523260437290268	3.17097195059457e-05	0.00157719104867156	91.1428571428571	0.0601133273817308	0.00778728365270404	2.94849279538704
"AT5G17820"	0.0522335034256941	1.43407108201821e-05	0.000777659989999837	115.928571428571	0.0588676852663924	0.00663418184069828	3.14948543905152
"AT5G44380"	0.0516894377488594	0.000191764279519169	0.00789175682919845	58.8571428571429	0.0624351965312471	0.0107457587823877	2.5385921891217
"AT1G78370"	0.0513301135183968	3.11012250320264e-06	0.000187619076789586	228.142857142857	0.0558786996366224	0.00454858611822557	3.61880837490583
"AT2G46600"	0.0508048950246923	3.37215442589578e-05	0.00166284522874737	101.5	0.0580418392546811	0.00723694422998883	3.00364067793502
"AT2G38170"	0.0503255108683037	3.30716655827512e-06	0.000197916130963548	264.214285714286	0.0545799397688742	0.00425442890057053	3.68133341478055
"AT4G26320"	0.0501745908799124	5.95741613804712e-05	0.00278773669188803	90.2142857142857	0.0580173877887161	0.00784279690880374	2.88704519312622
"AT1G52100"	0.0496824569894155	0.000213060580951829	0.00855717376063484	64.9285714285714	0.0596472442369903	0.00996478724757482	2.58154457713413
"AT4G30670"	0.0490968987672423	0.000194422128391825	0.00797927538408087	69.3571428571429	0.058578275658356	0.0094813768911137	2.62719723742452
"AT1G54000"	0.0480994990804009	4.86212430155231e-05	0.00231519485808157	116.5	0.054712882762764	0.00661338368236301	3.04842006319328
"AT2G05520"	0.0480060584550766	6.38800854924071e-06	0.000367640905816646	292.214285714286	0.0520822167950344	0.00407615833995786	3.675508856028
"AT2G43150"	0.0475922957882751	1.14884050115283e-05	0.00063211476805189	228.071428571429	0.0521415567041231	0.00454926091584791	3.51872957000798
"AT4G03210"	0.0461111596225836	0.000124900831174335	0.00546978246376001	102.285714285714	0.0533109021374057	0.00719974251482205	2.88841337852923
"AT5G63160"	0.0449484527602671	3.1386920474108e-05	0.00157154310813859	216.142857142857	0.0496166613635442	0.0046682086032771	3.40988372576565
"AT5G48490"	0.0440908323640713	2.60208698671383e-05	0.00133399142073134	290.928571428571	0.0481744249339672	0.00408359256989588	3.56035660767034
"AT2G01020"	0.0439328562090313	6.72620499930776e-06	0.000385627195780923	2258.14285714286	0.0465444982288488	0.00261164201981751	4.15558158074618
"AT5G14780"	0.0438522940677236	0.000168825364368574	0.00712338707354033	116.357142857143	0.0504708581385117	0.00661856407078814	2.93086046000212
"AT2G29340"	0.0438484274195824	0.00018681320659053	0.00775382878026919	111.785714285714	0.0506397549617344	0.00679132754215195	2.89850490426093
"AT1G12080"	0.0437760662019655	0.000187380324028874	0.00775382878026919	112.571428571429	0.0505367014391983	0.00676063523723277	2.90210078647468
"AT1G14870"	0.0431978109206993	4.90135120744251e-05	0.00231519485808157	235.428571428571	0.0476797185988674	0.00448190767816813	3.41119088466851
"AT3G60530"	0.0430944196681474	0.000203010737077736	0.00826402244348148	118	0.0496541665745917	0.00655974690644434	2.92020272430788
"AT3G16670"	0.0430087433127157	7.83810913118632e-05	0.0035677647654409	186.5	0.0480384280885974	0.0050296847758817	3.25564905368231
"AT2G36120"	0.0428754471219012	0.000219055390374145	0.00875114632662244	117.357142857143	0.0494580133261953	0.0065825662042941	2.90948225803257
"AT3G63160"	0.0428745281355878	2.72134815270109e-05	0.00139038675516065	397.428571428571	0.0465053446141172	0.00363081647852938	3.67903061174803
"AT1G58290"	0.0424393435490297	4.44714683144332e-05	0.0021410446331766	300.642857142857	0.046468341109343	0.00402899756031334	3.52775530545758
"AT1G21310"	0.0421356891599321	5.7224546648027e-05	0.00268615598500004	270.142857142857	0.0463492880388185	0.00421359887888638	3.45942229224212
"AT2G01530"	0.0415885735737384	0.00020631323756104	0.00832073052904656	143	0.0474200355857161	0.00583146201197767	3.02356721199213
"AT5G46890"	0.0410447127731312	0.000168487672961071	0.00712338707354033	173.071428571429	0.0462789030230401	0.0052341902499089	3.14431639891459
"AT1G66270"	0.0409970168646014	0.000141606239351444	0.00612688775069685	192.714285714286	0.045941709687361	0.00494469282275959	3.21585174166853
"AT3G48360"	0.0404178957224172	8.74572485758396e-05	0.00393321955346613	307.785714285714	0.0444089485101564	0.00399105278773922	3.47600914647346
"AT4G21850"	0.0402714971642485	0.000176066499114169	0.00740810891650962	194.5	0.0451927715559333	0.00492127439168481	3.19898817342869
"AT4G25100"	0.0398820475883346	3.91754897975938e-05	0.00190438521763643	1280.5	0.0426598886722438	0.00277784108390926	3.94084422835202
"AT1G09560"	0.0379563224067101	0.000108991706666783	0.00480106869748315	667.071428571429	0.0410871770733924	0.00313085466668229	3.71405976674016
"AT1G74670"	0.0373780921326515	0.000182334540414053	0.00760790869877636	428.714285714286	0.0409186479787627	0.00354055584611114	3.53071069908755
