"Gene"	"effect.size"	"p.value"	"q.value"	"Mean"	"CV2"	"TechNoise"	"BioVar"
"AT3G02480"	2.14266174171984	0	0	8.28571428571429	2.21275038873136	0.070088647011522	4.98051613078785
"AT4G19112"	1.44624868423242	0	0	7.78571428571429	1.5207085650651	0.0744598808326794	4.35213657796077
"AT1G13609"	1.27239387958824	0	0	9.64285714285714	1.33290281734726	0.0605089377590171	4.46127952814797
"AT3G44006"	1.18661150228384	0	0	5.21428571428571	1.29679402976457	0.11018252748073	3.55698198650442
"AT2G14247"	1.14452594771087	0	0	14.6428571428571	1.18506383562898	0.0405378879181083	4.86955004010649
"AT1G43800"	1.05155552571776	0	0	5.42857142857143	1.15746857021095	0.105913044493188	3.45002082820439
"AT1G77120"	1.01535954825181	0	0	11.3571428571429	1.06704031303533	0.051680764783521	4.36784345281264
"AT2G41100"	0.892974097305119	0	0	33.2857142857143	0.911939945335292	0.0189658480301738	5.58746303445325
"AT3G18000"	0.851888054834301	0	0	18.2142857142857	0.884873865081477	0.0329858102471764	4.74555437184052
"AT4G19690"	0.84013192591702	0	0	14.0714285714286	0.882233898956824	0.0421019730398038	4.38920144609017
"AT5G45428"	0.766068097785493	0	0	41.7142857142857	0.781610419042395	0.0155423212569023	5.65217580638727
"AT5G09672"	0.755721648189998	0	0	8.07142857142857	0.827617366578914	0.0718957183889158	3.52498615736748
"AT1G61275"	0.694957119230913	0	0	7.07142857142857	0.77673392824908	0.0817768090181667	3.24765681098476
"AT2G43620"	0.691819299461753	2.37587727269783e-14	3.31089297392592e-12	5.78571428571429	0.791319334529211	0.0995000350674581	2.99149106820327
"AT4G22485"	0.682777675992959	0	0	21.3571428571429	0.711206981852724	0.0284293058597646	4.64481870784697
"AT5G20790"	0.680306211123654	0	0	20.6428571428571	0.709649254494264	0.0293430433706092	4.59601573018514
"AT1G47400"	0.650227626568401	0	0	14.1428571428571	0.692127176975662	0.0418995504072612	4.04603048589117
"AT5G48850"	0.64863425788464	0	0	8	0.721153846153846	0.0725195882692065	3.31386442794182
"AT4G22517"	0.64677998428839	0	0	122.357142857143	0.653411556414553	0.00663157212616254	6.622497234566
"AT3G18217"	0.638283938929634	0	0	12.6428571428571	0.68491468951107	0.0466307505814364	3.87657074540802
"AT1G31258"	0.637102716138646	0	0	27.7857142857143	0.65942243005572	0.0223197139170736	4.88481252002603
"AT4G31940"	0.625002814188159	2.22044604925031e-16	3.69969755314761e-14	7.5	0.702222222222222	0.0772194080340632	3.18489225214933
"AT2G30766"	0.621423725079946	0	0	83.7142857142857	0.630182959883947	0.00875923480400005	6.16882209099171
"AT5G66400"	0.608591660673233	0	0	14.0714285714286	0.650693633713036	0.0421019730398038	3.95001868917115
"AT1G25470"	0.597055602530303	3.28626015289046e-14	4.53829566519441e-12	6.78571428571429	0.682190496484125	0.0851348939538219	3.00235218625504
"AT5G55450"	0.582210981195354	0	0	27.9285714285714	0.604426871981375	0.0222158907860213	4.76590390708362
"ATCG00640"	0.581650418753142	1.11022302462516e-16	1.95616192465276e-14	8.35714285714286	0.651157302044876	0.0695068832917342	3.22777834107748
"AT1G08090"	0.580243035173503	0	0	16.4285714285714	0.61659444525229	0.0363514100787873	4.08423865983402
"AT4G22520"	0.577846578493787	0	0	71.5714285714286	0.587748807620442	0.0099022291266543	5.89130256476985
"AT2G24940"	0.569157082653649	0	0	14.5714285714286	0.60988377251353	0.0407266898598816	3.90448786349453
"AT4G22513"	0.560823996771007	0	0	154.428571428571	0.566498322427196	0.00567432565618876	6.6414789226259
"AT1G47395"	0.553892884787941	0	0	26.8571428571429	0.576914371278337	0.0230214864903963	4.64730430626232
"AT5G08760"	0.542593365182764	0	0	22.1428571428571	0.570085647962859	0.0274922827800953	4.37408007281252
"AT3G50480"	0.538839511754151	2.393057640937e-09	2.10822876884617e-07	4.92857142857143	0.655292197825279	0.116452686071128	2.49239443771022
"AT4G22490"	0.533497874036825	0	0	142.142857142857	0.539487852870848	0.00598997883402359	6.49289576090981
"AT4G12490"	0.509902987850083	0	0	27.2142857142857	0.532648894357618	0.0227459065075349	4.54950602885863
"AT5G04790"	0.49947451209871	0	0	13.9285714285714	0.541987558792293	0.0425130466935828	3.67228217680311
"AT2G42530"	0.483713931773463	0	0	33.4285714285714	0.502607371443663	0.0188934396702003	4.73347454801631
"AT5G47990"	0.479286301687053	0	0	24	0.504807692307692	0.0255213906206392	4.30595504785996
"AT2G16005"	0.478907398791237	2.22044604925031e-16	3.69969755314761e-14	10.2857142857143	0.535760921177588	0.0568535223863507	3.23626771386886
"AT4G37095"	0.464058152334353	0	0	23.7857142857143	0.489791246548003	0.0257330942136508	4.25047014458358
"AT5G48000"	0.463256278599556	0	0	26.3571428571429	0.486676123796885	0.0234198451973293	4.37715855318841
"AT1G55010"	0.462036935071492	1.63202784619898e-14	2.29517017012699e-12	9.42857142857143	0.523875114784206	0.0618381797127139	3.08265317506453
"AT5G38930"	0.461457256341095	1.11022302462516e-15	1.73659272902847e-13	10.2857142857143	0.518310778727445	0.0568535223863507	3.18849575630427
"AT3G49580"	0.433444765352147	0	0	16.2857142857143	0.470097308047447	0.0366525426952999	3.68097422817958
"AT4G22505"	0.432924121392242	0	0	31.5714285714286	0.45280998152561	0.0198858601333676	4.50909089035818
"AT1G15125"	0.423050307490309	8.55948645295257e-12	9.64767410568455e-10	8.35714285714286	0.492557190782043	0.0695068832917342	2.82506348488404
"AT1G10640"	0.420257905117051	0	0	13.7857142857143	0.463190545125631	0.04293264000858	3.4314590099726
"AT4G22510"	0.412098811853958	1.11022302462516e-16	1.95616192465276e-14	12.6428571428571	0.458729562435394	0.0466307505814364	3.29829032667215
"AT1G65390"	0.409300994897276	9.56278389807608e-11	9.6439417351058e-09	7.85714285714286	0.483102352193261	0.0738013572959856	2.71060962262902
"AT5G24770"	0.40093263576835	0	0	20	0.431153846153846	0.030221210385496	3.83456940182594
"AT4G36670"	0.397516124304105	0	0	15.5	0.435924117505803	0.038407993201698	3.50459853215481
"AT5G03545"	0.397463822765412	0	0	37.0714285714286	0.414699403974021	0.0172355812086086	4.58860411934287
"ATCG00300"	0.396980719932978	4.44089209850063e-16	7.16572999767538e-14	12.8571428571429	0.442867996201329	0.0458872762683517	3.27071066448278
"AT2G42540"	0.383607831027997	0	0	68.2857142857143	0.39388922031908	0.0102813892910829	5.25968280527732
"AT5G59330"	0.382808739223288	7.19522675884932e-08	5.25217290411434e-06	6.07142857142857	0.477721586372105	0.094912847148818	2.33149478312085
"AT5G26220"	0.375959572221301	0	0	21.4285714285714	0.404300854700855	0.0283412824795533	3.83445230484634
"AT1G53542"	0.374461653782777	1.09975324624756e-07	7.80468403320779e-06	6.07142857142857	0.469374500931594	0.094912847148818	2.30606418375016
"AT4G33070"	0.369832693998433	4.2854608750531e-14	5.71233302205992e-12	12.0714285714286	0.418575087599281	0.0487423936008485	3.1022374444569
"AT3G02040"	0.363979993242937	0	0	20.4285714285714	0.393609617923765	0.0296296246808287	3.73165321675319
"AT4G15680"	0.362877209128496	2.93654989214076e-09	2.54318493201275e-07	7.71428571428571	0.438007808378179	0.0751305992496824	2.54348407450941
"AT1G26250"	0.361623424698457	0	0	18.7142857142857	0.393781965368703	0.0321585406702461	3.61412319472699
"AT3G02550"	0.361222575373159	7.84224691408042e-07	4.96751251842722e-05	5.57142857142857	0.464471754412583	0.103249179039424	2.16946055524365
"AT5G48010"	0.359935990800818	0	0	24.1428571428571	0.38531833349942	0.025382342698602	3.92415369527832
"AT3G16360"	0.352121827886982	5.10702591327572e-14	6.74875864005203e-12	12.7857142857143	0.398254159934507	0.0461323320475249	3.10983930198198
"AT5G42800"	0.350041246760418	0	0	45	0.364596391263058	0.0145551445026402	4.64669921416504
"AT5G40590"	0.342063603467478	3.06129570581959e-08	2.31165526475411e-06	7.28571428571429	0.421494691390885	0.0794310879234076	2.40773879259978
"AT1G65486"	0.335320470709615	0	0	33.0714285714286	0.354396104201347	0.0190756334917321	4.21555987064013
"AT1G60590"	0.334961162631388	0	0	18.2857142857143	0.367826021634615	0.0328648590032279	3.48440584524167
"AT3G28220"	0.333951724854375	0	0	26.7142857142857	0.357085506503562	0.0231337816491879	3.94819655271595
"AT1G14960"	0.329427168890663	1.4432899320127e-15	2.23476680483058e-13	15.8571428571429	0.367015664312962	0.0375884954222984	3.28747856492639
"AT1G19380"	0.324151309842985	2.72806222056943e-11	2.92436823630131e-09	11.0714285714286	0.37711358360682	0.052962273763835	2.83196215116701
"AT4G11460"	0.323714199916201	2.14361861594625e-12	2.54725036928993e-10	12.3571428571429	0.371376359949316	0.0476621600331146	2.96196574252148
"AT5G36920"	0.322651505384821	1.34290826347971e-07	9.44286273893603e-06	7.14285714285714	0.403630769230769	0.0809792638459486	2.317411723761
"AT3G56980"	0.321572547557451	4.78455497665564e-06	0.000267673150500563	5.57142857142857	0.424821726596875	0.103249179039424	2.04072724112144
"ATCG01020"	0.321088614653491	0	0	40.7857142857143	0.336938747439267	0.0158501327857764	4.40991951389435
"AT1G66800"	0.311951408928869	3.39992222819774e-06	0.000196669463532238	5.92857142857143	0.409102582712686	0.097151173783817	2.07415931343849
"AT4G22870"	0.310344270964673	8.39772695826468e-13	1.02165679796222e-10	13.5714285714286	0.353922863839761	0.0435785928750888	3.02174344597888
"AT1G52060"	0.308079036729788	0	0	24	0.333600427350427	0.0255213906206392	3.70834229035949
"AT5G44585"	0.306283597499972	3.29450111635765e-09	2.82130768785734e-07	9.42857142857143	0.368121777212686	0.0618381797127139	2.57361334127446
"AT4G21870"	0.305280764178376	0	0	66.6428571428571	0.315765753943606	0.0104849897652294	4.91245735536451
"AT5G44568"	0.302048194540236	6.99440505513849e-15	1.04094403000211e-12	16.9285714285714	0.337385664416589	0.0353374698763526	3.2551280211958
"AT5G54060"	0.301447288822231	1.56305968168624e-10	1.51646467471952e-08	11.2142857142857	0.353760645618327	0.0523133567960964	2.7575223115612
"AT5G45430"	0.300486936963527	0	0	71.2857142857143	0.310420749005333	0.0099338120418058	4.96573373277897
"AT4G11210"	0.291035743003903	1.10744864967316e-06	6.79043214033594e-05	7	0.373626373626374	0.0825906306224709	2.17754626440181
"AT5G38940"	0.289870267198695	4.21884749357559e-15	6.34026600284513e-13	18.2857142857143	0.322735126201923	0.0328648590032279	3.29573290727897
"AT2G01520"	0.288256741315467	0	0	109.071428571429	0.29544975819693	0.0071930168814632	5.36017201794732
"AT5G53450"	0.283803179047779	0	0	45.4285714285714	0.298240089090926	0.0144369100431469	4.36864029820978
"AT4G22880"	0.283528131383716	0	0	34.1428571428571	0.302068618169527	0.0185404867858102	4.02612528269053
"AT5G64570"	0.278715879258662	8.47486525401564e-11	8.6033913562123e-09	12.7857142857143	0.324848211306187	0.0461323320475249	2.81591563196181
"AT1G52070"	0.277080021443016	0	0	52.5	0.289844758416187	0.012764736973171	4.50504468062836
"AT1G56650"	0.274759427005683	3.17831871932128e-10	2.98898451831141e-08	12.2142857142857	0.322955386667298	0.0481959596616147	2.74435077017546
"AT5G54710"	0.273978002220493	4.14493977252128e-07	2.75055332350557e-05	8.07142857142857	0.345873720609409	0.0718957183889158	2.26626764089076
"AT3G06390"	0.27363425788464	4.81478224290122e-07	3.16763077259368e-05	8	0.346153846153846	0.0725195882692065	2.25497073888825
"AT2G05540"	0.2653102703585	3.64486218984439e-13	4.65600770901039e-11	17.4285714285714	0.299691976929279	0.034381706570779	3.12376740056525
"AT3G29590"	0.264990631246714	3.50758155853725e-09	2.98709542837875e-07	11.2857142857143	0.316985690163066	0.0519950589163512	2.60797127780187
"AT2G16060"	0.262521927238393	0	0	30.1428571428571	0.283254401984889	0.0207324747464961	3.77213413662656
"AT2G39800"	0.260732361367153	0	0	40.3571428571429	0.276729338482021	0.0159969771148676	4.11260438905811
"AT5G64572"	0.256504454472969	0	0	49.8571428571429	0.269838633382447	0.0133341789094778	4.3388960222236
"AT3G61898"	0.256210958243744	3.24328881746716e-05	0.00155363669634232	6.14285714285714	0.350043682655905	0.0938327244121614	1.89937191076885
"AT2G32487"	0.254412803077852	0.000241695822393195	0.0099062974905489	5	0.369230769230769	0.114817966152917	1.68517437704975
"AT3G17790"	0.252328802990532	1.40998324127395e-14	2.00126232458226e-12	21.4285714285714	0.280670085470085	0.0283412824795533	3.30789835729054
"AT1G19070"	0.250610759487781	7.62944823909928e-05	0.00342967190783439	5.78571428571429	0.350110794555239	0.0995000350674581	1.81504260414759
"AT3G16150"	0.249763629373605	7.28878069011785e-11	7.54930535127138e-09	14.9285714285714	0.289564376696082	0.0398007473224766	2.86301670250662
"AT3G29250"	0.242765624913837	0	0	35.2857142857143	0.260771109432782	0.0180054845189453	3.85627571630506
"AT3G05727"	0.241734102118197	0	0	308.214285714286	0.24558621945452	0.00385211733632299	5.99443415035515
"AT4G39675"	0.24066365167488	4.91851149808653e-08	3.65999333758099e-06	10.9285714285714	0.294291807555937	0.0536281558810569	2.45618483217441
"AT2G19800"	0.239274749252926	0	0	31.5	0.259201116343973	0.0199263670910479	3.70132131982346
"AT5G56080"	0.236531111649478	0	0	31.3571428571429	0.256539046281731	0.0200079346322538	3.68053427223676
"AT2G47200"	0.235963159705666	6.86269241434445e-09	5.53674800102558e-07	12.6428571428571	0.282593910287102	0.0466307505814364	2.59937681988253
"AT3G22060"	0.230727597434302	1.26400556688111e-10	1.25006073127229e-08	16.2142857142857	0.267532696300963	0.0368050988666609	2.86173766831255
"AT4G30270"	0.226954818041605	0	0	89.3571428571429	0.235288618395083	0.00833380035347734	4.81931318570204
"AT5G64110"	0.221308663023694	2.3289881800892e-08	1.78505299062937e-06	12.7857142857143	0.267440995071219	0.0461323320475249	2.53537049852016
"AT1G13420"	0.217391529871156	5.62118629421349e-09	4.58335982468077e-07	14.2857142857143	0.258892307692308	0.0415007778211521	2.64114181867768
"AT4G33610"	0.217391529871156	5.62118629421349e-09	4.58335982468077e-07	14.2857142857143	0.258892307692308	0.0415007778211521	2.64114181867768
"AT1G50060"	0.216179785603423	2.01510730324372e-09	1.79590580531529e-07	15.2857142857143	0.255097858731364	0.0389180731279411	2.71253860138777
"AT5G17220"	0.215796494725314	0	0	58.5	0.227459442449581	0.0116629477242668	4.28560495570145
"AT5G01600"	0.212628340390579	0	0	247	0.216933945433019	0.00430560504243984	5.65489602508957
"AT2G28630"	0.210536728511138	2.48982500239414e-06	0.000145119876280227	9.78571428571429	0.270191846621065	0.0596551181099271	2.17926631584071
"AT5G53486"	0.207265777625312	4.12710892272461e-06	0.000235183838945894	9.57142857142857	0.268211182891513	0.0609454052662011	2.13778002686585
"AT1G02205"	0.207095462070576	4.03701183593341e-10	3.727912917652e-08	17.7857142857143	0.240827381196085	0.0337319191255094	2.83581312488179
"AT1G11080"	0.206977579914432	1.91817760275548e-06	0.000113091324894764	10.2142857142857	0.264214537479734	0.0572369575653018	2.20669095535734
"AT2G39510"	0.206611045043387	1.52200741332376e-06	9.14935358385877e-05	10.4285714285714	0.262713454681929	0.0561024096385426	2.22735544690033
"AT2G43018"	0.202900991137044	5.19917442431961e-13	6.53263481560617e-11	25.7857142857143	0.226795020343259	0.0238940292062152	3.24666690545811
"AT5G54370"	0.202438228479393	5.61994895065254e-13	7.00391849305307e-11	25.7857142857143	0.226332257685608	0.0238940292062152	3.24372015890022
"ATCG00070"	0.201946011822171	4.07451850037432e-14	5.4787977273893e-12	29.2857142857143	0.223226101679403	0.0212800898572319	3.39092958251722
"AT4G36430"	0.198626889913624	5.49934402671592e-06	0.000304330124857503	9.85714285714286	0.257864378847366	0.0592374889337418	2.12203010284147
"AT5G24780"	0.198626889913624	5.49934402671592e-06	0.000304330124857503	9.85714285714286	0.257864378847366	0.0592374889337418	2.12203010284147
"AT2G07732"	0.197530600494764	0	0	59.3571428571429	0.209054332970975	0.0115237324762104	4.18119796685062
"AT5G26270"	0.195036495298225	6.85932421973234e-11	7.15282863702565e-09	21.4285714285714	0.223377777777778	0.0283412824795533	2.97850872112087
"AT5G57560"	0.194715267693331	8.13074052530283e-11	8.30907476749113e-09	21.2857142857143	0.223233187694248	0.028517920000917	2.96861086059046
"AT5G05250"	0.193944453904373	4.42200942551985e-06	0.000251055490680717	10.3571428571429	0.250419829872862	0.0564753759684887	2.14865493369402
"AT4G12550"	0.1934811219935	2.81596967965925e-12	3.29511444423638e-10	25.6428571428571	0.21749699931899	0.0240158773254901	3.17893507923311
"AT1G29951"	0.192482166262553	9.13452541312365e-05	0.00400066114450778	7.78571428571429	0.266942047095233	0.0744598808326794	1.84199135558654
"AT4G30140"	0.19197036866125	0	0	54.7142857142857	0.204300359158597	0.0123299904973469	4.05044814734412
"AT5G05365"	0.191091389855793	0.000126550251797752	0.00538858002724374	7.57142857142857	0.267601391132897	0.0765100012771037	1.80636536362563
"AT4G11650"	0.190619975872048	3.80806497446429e-14	5.2119489279967e-12	32.5	0.209995448338644	0.0193754724665958	3.43805466201966
"AT5G58390"	0.187298888958422	4.74743173094483e-05	0.00221195686941195	8.64285714285714	0.254574876663532	0.0672759877051101	1.91992647851569
"AT5G20150"	0.187034297493351	0	0	55.8571428571429	0.19915338878454	0.0121190912911885	4.03852659633914
"AT2G31730"	0.186805732703196	7.12325776142109e-09	5.71688053533109e-07	17.4285714285714	0.221187439273975	0.034381706570779	2.68555639923171
"AT2G01530"	0.185686483330277	0	0	116	0.192570657642001	0.00688417431172463	4.80596045570236
"AT1G48100"	0.185341652102796	4.97521446128912e-05	0.00230474424910336	8.71428571428571	0.252082773447998	0.0667411213452023	1.91724970112399
"AT5G44572"	0.184520750944062	9.36595054845668e-07	5.83620552671921e-05	12.5714285714286	0.231404958677686	0.0468842077336243	2.30324582092342
"AT3G23290"	0.182057275177566	2.30481214665845e-05	0.00115459037242246	9.64285714285714	0.242566212936583	0.0605089377590171	2.00315844802875
"AT1G09240"	0.181868398543929	1.03342823187802e-09	9.3184831567401e-08	20.4285714285714	0.211498023224758	0.0296296246808287	2.83553192232321
"AT1G29395"	0.180920349751233	8.08242361927114e-14	1.04996162423565e-11	34.4285714285714	0.199323756080699	0.0184034063294662	3.43706893780227
"AT1G24530"	0.179443584506388	8.42370517784019e-09	6.7253633682871e-07	18.2857142857143	0.212308443509615	0.0328648590032279	2.6915440476582
"AT4G28940"	0.177410454720401	2.28327435292108e-07	1.56251395338961e-05	14.7857142857143	0.217576211275014	0.0401657565546131	2.43748287173515
"AT4G37070"	0.17718259582932	2.3040377716832e-08	1.77480376895134e-06	17.4285714285714	0.211564302400099	0.034381706570779	2.62138315829718
"AT4G12480"	0.175481961825403	0	0	285.142857142857	0.179482133683121	0.00400017185771815	5.48763444652042
"AT1G25472"	0.173186110788426	0.000107845766735282	0.00466996541888456	8.71428571428571	0.239927232133628	0.0667411213452023	1.84594908402087
"AT1G73330"	0.172644443689495	0	0	220.642857142857	0.177222804506556	0.0045783608170611	5.27458928229535
"AT5G03120"	0.172565001643759	3.0102293990808e-08	2.28434685438166e-06	17.7857142857143	0.206296920769268	0.0337319191255094	2.6125359817062
"AT3G15356"	0.170489740344221	7.8543282988619e-11	8.08046969753383e-09	26.3571428571429	0.193909585541551	0.0234198451973293	3.04958067709501
"AT1G67148"	0.169266916215892	1.85802966201631e-06	0.00010996809532451	13.3571428571429	0.213512187717913	0.0442452715020203	2.27072323667963
"AT2G21650"	0.16801748300323	8.31557045444242e-13	1.01975503596918e-10	34.9285714285714	0.186186394850628	0.0181689118473971	3.35720373211566
"AT1G14250"	0.166546497179247	8.32968588548866e-08	5.966624062554e-06	17.4285714285714	0.200928203750026	0.034381706570779	2.54696702416359
"AT5G42530"	0.166467700912182	1.11022302462516e-16	1.95616192465276e-14	56.1428571428571	0.178535408999834	0.0120677080876524	3.88698662392514
"AT3G46700"	0.166069089513565	7.75897220572919e-06	0.000423264359222857	12.0714285714286	0.214811483114414	0.0487423936008485	2.13982211253078
"AT5G26260"	0.166016832595212	1.11022302462516e-16	1.95616192465276e-14	57.3571428571429	0.177871873090147	0.0118550404949351	3.90726589906783
"AT3G45070"	0.16597919980483	9.6025201345995e-07	5.95939397341197e-05	14.5	0.206896551724138	0.0409173519193078	2.33812491530224
"AT2G36854"	0.165359822871662	0.000144234890558037	0.00602445950235463	8.92857142857143	0.230547692307692	0.06518786943603	1.82238979612514
"AT5G38020"	0.164274521534127	2.85269585731385e-11	3.03673436088639e-09	29.7857142857143	0.185231339001848	0.0209568174677208	3.14383665768732
"AT5G46900"	0.164246687655259	4.01107253744648e-07	2.673292648979e-05	15.7857142857143	0.201996116125638	0.0377494284703796	2.41980084667974
"AT2G23010"	0.1630217781193	3.32591901492929e-05	0.00158825584360907	10.7142857142857	0.217682051282051	0.0546602731627509	1.99365788189596
"AT1G65490"	0.162079723766047	2.22044604925031e-16	3.69969755314761e-14	58.8571428571429	0.173684172364538	0.0116044485984907	3.90371641116392
"ATCG00020"	0.160444294138762	0	0	181.714285714286	0.165570240496816	0.00512594635805344	5.01348119549741
"ATCG00580"	0.159548522425785	1.27301058583384e-10	1.25089610706712e-08	28.6428571428571	0.18126083218962	0.0217123097638351	3.06148209981498
"AT1G22400"	0.157474612379544	1.28154280855108e-05	0.000671715235250009	12.3571428571429	0.205136772412659	0.0476621600331146	2.10566988908546
"AT5G37690"	0.154620635903504	2.97418875083721e-08	2.26822583888476e-06	21	0.183499040641898	0.028878404738394	2.66770956634188
"AT1G51140"	0.153884947581109	2.07233934457207e-08	1.60438837439118e-06	21.7142857142857	0.181879927551673	0.0279949799705638	2.69974628156003
"AT2G43535"	0.153749292497647	0	0	112.857142857143	0.160768861006002	0.00701956850835516	4.51746183963433
"ATCG00130"	0.153148238170854	5.55488793851922e-08	4.11356894732179e-06	20.3571428571429	0.182874730686365	0.029726492515511	2.62103458764353
"AT2G23540"	0.151501243591307	7.35143501628954e-10	6.74791301585044e-08	28	0.173665620094192	0.0221643765028844	2.96999749328579
"ATCG00730"	0.151205595881637	5.79947201373443e-12	6.63433630586083e-10	38.1428571428571	0.168013837500013	0.0168082416183768	3.32133934611524
"AT1G52050"	0.150240776070645	5.56863307554778e-05	0.00254810675865886	11.2857142857143	0.202235834986997	0.0519950589163512	1.95959222111276
"AT3G49570"	0.149973868050694	4.29182950776319e-05	0.00201808142713196	11.6428571428571	0.200436020000174	0.0504621519494801	1.98986815977647
"AT5G57080"	0.14980119207187	7.45442373495386e-07	4.76120255971282e-05	17.1428571428571	0.184722222222222	0.0349210301503527	2.40318941067522
"AT1G17180"	0.149178354075856	0	0	85.4285714285714	0.157802399388064	0.00862404531220786	4.19361057321794
"ATCG01060"	0.148456465511703	1.18253827940951e-05	0.00062723630744181	13.5	0.192254932995674	0.0437984674839709	2.13406832055069
"AT4G14090"	0.146512868214698	8.4352345764982e-06	0.000456903571813219	14.2142857142857	0.188212030387733	0.0416991621730355	2.17426854493166
"AT2G40435"	0.146423756705364	1.28830503727251e-05	0.000671715235250009	13.6428571428571	0.189784777323496	0.043361020618132	2.12989365822168
"ATCG00490"	0.145989633316349	0	0	88.2857142857143	0.154400029647461	0.00841039633111231	4.19835543182892
"AT5G58860"	0.145678675787098	1.25946467699478e-08	9.85017042533317e-07	24.5714285714286	0.170653575737405	0.024974899950307	2.77251984013043
"ATMG01390"	0.14561436622642	3.33066907387547e-16	5.48987378854162e-14	76.1428571428571	0.155043503430805	0.00942913720438496	4.03940349995617
"AT2G19590"	0.143416498348548	0.000111911105112994	0.00483235304303404	11.0714285714286	0.196378772112383	0.052962273763835	1.89060202154807
"AT2G05510"	0.142571097622748	1.78433046116311e-09	1.59953225960054e-07	29.2857142857143	0.16385118747998	0.0212800898572319	2.94480998068994
"AT5G15960"	0.142082371911882	2.37141417613884e-11	2.55995830324171e-09	39.4285714285714	0.158408462992584	0.0163260910807022	3.2783980975194
"AT3G17998"	0.141800530483388	4.44089209850063e-16	7.16572999767538e-14	80.2142857142857	0.150853719167508	0.00905318868411989	4.0585804321202
"AT1G55990"	0.14167324533817	2.46091347226862e-05	0.0012195094705257	13.3571428571429	0.18591851684019	0.0442452715020203	2.07107527730357
"AT4G29030"	0.141156746187597	3.77475828372553e-15	5.72903660705235e-13	70.5714285714286	0.151170634345248	0.0100138881576504	3.91610376334534
"AT1G67750"	0.141104176380918	7.69562368274634e-08	5.59081589728999e-06	22.5714285714286	0.168112851737271	0.0270086753563534	2.63793522907137
"AT4G20390"	0.139529622475561	2.83970391645738e-09	2.47328530314632e-07	29.4285714285714	0.160716227876186	0.0211866054006257	2.92329125131304
"AT3G20380"	0.13749748705048	0.000143828895658782	0.00602391568730456	11.3571428571429	0.189178251834001	0.051680764783521	1.87204691957581
"AT1G47600"	0.137404686069845	8.89206930310138e-10	8.11348394924054e-08	32.8571428571429	0.156591537007416	0.0191868509375715	3.02881639204642
"AT5G09670"	0.13589077110872	1.63317296111298e-05	0.000834496944030031	14.7857142857143	0.176056527663333	0.0401657565546131	2.13200076290854
"AT2G05380"	0.13438160462262	0	0	301.857142857143	0.138272258275331	0.00389065365271133	5.1513553688725
"AT5G33370"	0.133375675487746	0.000240671167746842	0.00989074619407867	11.0714285714286	0.186337949251581	0.052962273763835	1.81488455484949
"AT1G78830"	0.132324805971768	4.45975689711275e-09	3.75624249867261e-07	31.2857142857143	0.152373803715519	0.0200489977437513	2.92601287153518
"ATMG00020"	0.131999975453551	2.22044604925031e-16	3.69969755314761e-14	105.642857142857	0.139360804913842	0.00736082946029022	4.24281270494408
"AT1G19020"	0.131287773197776	7.26766043767091e-05	0.0032766460837958	13.1428571428571	0.176221462847172	0.0449336896493953	1.97152021147072
"ATCG00330"	0.130919236990331	5.25135490647699e-14	6.88017259499024e-12	72.1428571428571	0.140759050771795	0.00983981378146382	3.83845286718303
"AT1G17190"	0.130482703949107	4.49752091125077e-09	3.76734962014006e-07	32.0714285714286	0.15009006747143	0.0196073635223229	2.93636104307113
"AT4G12545"	0.12912901256248	2.77955436445154e-12	3.27752221943675e-10	56.1428571428571	0.141196720650132	0.0120677080876524	3.5484829728356
"AT1G52400"	0.128980492059121	9.91497994817792e-11	9.86926802763761e-09	43.5	0.14396780389646	0.0149873118373397	3.2639326658764
"AT1G68600"	0.128456324024906	1.04929108546425e-06	6.45967190726167e-05	21	0.1573347287633	0.028878404738394	2.44577420030496
"AT1G31690"	0.127614237406594	5.85018481158439e-06	0.000322580874017184	18	0.160968660968661	0.0333544235620671	2.27082982331361
"AT1G02930"	0.127363647861539	2.79475753650615e-09	2.44804790154873e-07	34.7857142857143	0.145598870263561	0.0182352224020215	2.99719946094638
"AT1G75040"	0.126170048752102	4.706767617213e-06	0.000264285863751861	18.7142857142857	0.158328589422349	0.0321585406702461	2.29964794197779
"AT2G38170"	0.124560262883262	8.54871728961371e-15	1.24803130792846e-12	96.5	0.132426890138507	0.00786662725524479	4.07330706430774
"AT5G44130"	0.123642260483989	9.88098491916389e-15	1.4289209228855e-12	97.6428571428571	0.131440482935033	0.00779822245104419	4.07512056644869
"AT5G47450"	0.123074388223733	1.83561739280913e-05	0.00093172778193282	16.8571428571429	0.158553024108899	0.0354786358851662	2.15994294870502
"AT3G13857"	0.122831790829347	1.67898834502189e-06	0.000100144795100547	21.5714285714286	0.150998775357356	0.0281669845280089	2.42245982240019
"AT3G07273"	0.121253524247205	7.21243928659687e-05	0.00326134164673285	14.7142857142857	0.161604443252101	0.0403509190048959	2.00179342815703
"AT5G44550"	0.120734906079148	3.35609540158543e-10	3.13692600066483e-08	45.6428571428571	0.135113531529587	0.014378625450439	3.23217449628537
"AT5G09520"	0.11988770378304	7.54304842798259e-06	0.000412954961973375	19.2857142857143	0.151153318560726	0.0312656147776863	2.27336386314286
"AT3G01420"	0.119732370392416	2.33146835171283e-15	3.57390783634059e-13	124.714285714286	0.1262768255364	0.00654445514398406	4.2701730020252
"AT2G33790"	0.118130961855268	9.03372250815604e-05	0.0039678490638259	14.8571428571429	0.158113336367774	0.0399823745125061	1.98352299973584
"AT3G51600"	0.117751943428041	0	0	457.428571428571	0.121007167330105	0.00325522390206442	5.21619191272395
"AT5G53250"	0.117642602357328	6.03450622804758e-12	6.85207007183269e-10	66.8571428571429	0.128100468090606	0.0104578657332779	3.6146153894085
"AT2G20750"	0.116857603748988	2.10089898367016e-07	1.44415607716053e-05	28.4285714285714	0.138718330733684	0.0218607269846955	2.66574515895925
"AT5G60530"	0.116649627188802	9.31738584672992e-05	0.00405756271717395	15.0714285714286	0.156092284885439	0.0394426576966366	1.98457056079611
"AT5G61590"	0.116358565599416	2.10625850094459e-10	2.00539357521613e-08	51.4285714285714	0.12934710351377	0.0129885379143546	3.3159368032883
"AT5G59320"	0.116291538924836	9.29679485355273e-05	0.00405756271717395	15.1428571428571	0.155557685461566	0.0392661465367297	1.98609174597816
"AT3G16530"	0.115549350132248	9.69350155699544e-11	9.7118748606002e-09	55.7142857142857	0.127694330652911	0.0121449805206624	3.39426239283029
"AT2G22510"	0.115474461594101	8.59841686740026e-09	6.82928145908697e-07	38.4285714285714	0.132172770500046	0.0166983089059454	2.98465108282087
"AT3G08770"	0.115269878039672	2.22044604925031e-16	3.69969755314761e-14	188.285714285714	0.120287502614844	0.00501762457517172	4.58333841932152
"ATCG00720"	0.115252003706993	1.28132403576231e-08	9.97026200213221e-07	37.2857142857143	0.13240015221783	0.017148148510837	2.94878005894846
"AT2G48140"	0.115216863814708	5.52454162416893e-07	3.60364674710151e-05	26.6428571428571	0.138407244632403	0.0231903808176942	2.57732104343783
"AT3G53980"	0.115146769043395	1.45522482952742e-11	1.60483031739755e-09	65.7857142857143	0.125742021974343	0.0105952529309477	3.56897693404542
"AT3G26460"	0.114855649545726	7.71048123058282e-05	0.00345596394104105	15.7857142857143	0.152605078016106	0.0377494284703796	2.01527626223747
"ATCG00340"	0.114555024211697	1.27164945240565e-12	1.52289956686924e-10	82.2142857142857	0.123437174570137	0.00888215035844013	3.79672414075391
"ATCG00820"	0.114098447286908	2.53567804224808e-05	0.00124982021574343	18.2142857142857	0.147084257534084	0.0329858102471764	2.15672539472277
"AT4G38080"	0.114097238321515	8.43769498715119e-15	1.24366756209654e-12	134	0.120328323937146	0.00623108561563028	4.27134892669745
"AT5G24660"	0.112917686222619	1.71127556569672e-11	1.87372451046893e-09	68.3571428571429	0.123190445317783	0.0102727590951636	3.58399474146004
"AT5G37990"	0.112666062644276	1.52980073053754e-10	1.49365066231911e-08	57	0.12458271184033	0.011916649196054	3.386053350387
"AT1G70850"	0.112194900935654	8.88178419700125e-16	1.40359659748281e-13	189.642857142857	0.117191089984349	0.00499618904869432	4.55189100837359
"AT1G55450"	0.111949232865859	4.28213374759068e-08	3.20199162033256e-06	35.5	0.129858239360322	0.0179090064944628	2.8581803434353
"AT1G48330"	0.111591581295171	1.03200561163419e-06	6.37887662126633e-05	26.5	0.134896075800312	0.0233044945051408	2.53316825510663
"AT2G40610"	0.11039379035869	6.15798523284639e-11	6.46546271467824e-09	64.9285714285714	0.121102217694055	0.0107084273353647	3.49940676154627
"ATCG00350"	0.110284481718676	2.00264249627935e-11	2.1771990656359e-09	71.9285714285714	0.120147585039321	0.00986310332064487	3.6066221937398
"AT5G46890"	0.109532850220804	1.29476429577835e-11	1.4382204268106e-09	76.2857142857143	0.11894811692817	0.00941526670736618	3.65918665955227
"ATCG00710"	0.108908575460947	4.55099092566691e-06	0.000256478455513044	23.7142857142857	0.134713087754168	0.025804512293221	2.38419475050497
"AT5G15970"	0.108861559212658	4.05231403988182e-14	5.4787977273893e-12	138.428571428571	0.114957998173595	0.00609643896093728	4.23699624974901
"AT1G49860"	0.108207479290771	1.79523063081888e-13	2.31252859998509e-11	120.642857142857	0.11490454740741	0.00669706811663938	4.1007624423579
"AT1G19960"	0.10804632192704	7.35310886845753e-07	4.71614250395755e-05	29	0.129516143784871	0.0214698218578317	2.59274981073005
"AT3G15450"	0.107686626141411	9.48182068416514e-08	6.76031764035198e-06	35.5714285714286	0.125563731602344	0.0178771054609325	2.81223474062787
"ATCG00920"	0.106960357098354	0	0	1046.64285714286	0.109521493991615	0.0025611368932613	5.4182858542132
"AT3G47420"	0.106916766664046	3.99562755982741e-05	0.00188458384198752	19.0714285714286	0.138510958104444	0.0315941914403979	2.13226886773427
"AT1G72430"	0.106579681577978	1.0588419030455e-11	1.18474361545873e-09	84.3571428571429	0.115287576426797	0.00870789484881902	3.72676925748719
"AT1G08930"	0.10630721393393	2.17643858491101e-09	1.92847555306942e-07	51.7857142857143	0.119220122564712	0.0129129086307822	3.20674185238065
"AT4G11190"	0.106212625278074	2.38839425459325e-07	1.61998652781681e-05	33.4285714285714	0.125106064948274	0.0188934396702003	2.72719444831199
"AT3G47640"	0.106010449063876	0.000222285360000685	0.00920922238770404	15.4285714285714	0.144586894586895	0.038576445523019	1.90614466868453
"AT3G48720"	0.105794227540751	1.58783012896846e-05	0.00081404174070092	21.6428571428571	0.133874925954134	0.028080698413383	2.25323505361337
"ATCG00270"	0.105546615438557	3.72299746587146e-10	3.45877746389961e-08	62	0.116665332586248	0.0111187171476912	3.39131367615867
"AT1G73260"	0.105099882578549	2.36136869946613e-07	1.60877425751628e-05	34.1428571428571	0.123640369364359	0.0185404867858102	2.73739884128908
"AT5G23940"	0.104792807790673	8.83068207446769e-09	6.97760440822243e-07	47	0.118814639412195	0.0140218316215217	3.08296588386506
"AT5G44580"	0.104500323275131	4.27990975992998e-13	5.42204435619559e-11	126.142857142857	0.110993564791169	0.0064932415160381	4.09539335250333
"AT4G30460"	0.104022593735695	0.0001310861885091	0.00555088448523754	17.0714285714286	0.13908127551096	0.0350586817752648	1.98808454701633
"AT4G12470"	0.103549479467394	7.19535542259564e-13	8.89496800588456e-11	123.428571428571	0.110141040479582	0.00659156101218853	4.06258816782892
"ATCG00950"	0.103207824789931	0	0	1007.28571428571	0.105790015693148	0.00258219090321699	5.35646400014266
"AT3G02470"	0.102723188780607	8.88178419700125e-16	1.40359659748281e-13	353.357142857143	0.106341538229067	0.00361834944845976	4.87722968452764
"AT2G40300"	0.102658386627196	9.97624094445371e-10	9.04886375370005e-08	60.6428571428571	0.113980675131395	0.0113222885041993	3.33155174741356
"AT3G45140"	0.0994385584951726	1.15774057007911e-12	1.39740198415297e-10	138.285714285714	0.105539206285825	0.00610064779065276	4.11267278676761
"AT5G25980"	0.0992939163873053	1.0325074129014e-14	1.47918748900612e-12	285.928571428571	0.103288653151175	0.00399473676386979	4.69243752555764
"AT2G40960"	0.0991963848502871	1.58541636638976e-05	0.00081404174070092	24.0714285714286	0.124648045207353	0.0254516603570657	2.29202857823056
"ATCG00680"	0.0975402241751055	8.6050376912894e-07	5.38394378652143e-05	34.5	0.115909715153571	0.0183694909784659	2.65761793834209
"AT1G78850"	0.0970912233772359	5.16353626522914e-11	5.45874809722052e-09	96.8571428571429	0.104936300722972	0.00784507734573561	3.7415823560194
"ATMG00030"	0.0970550941861099	1.98247803906426e-06	0.000115990098705405	31.7857142857143	0.116820525768891	0.019765431582781	2.56324242078457
"AT3G09220"	0.0964513741919003	3.04186319934896e-05	0.00147093757043597	23.2857142857143	0.122693596064818	0.0262422218729179	2.22509817001922
"AT5G40690"	0.0953811616940577	0.000146569768022298	0.00610534775547229	19.2142857142857	0.126755487709593	0.0313743260155352	2.01439183565699
"AT4G13493"	0.0951547040404552	0.000119184920104765	0.00511760683553483	19.8571428571429	0.125578784343859	0.0304240803034034	2.04530719444528
"AT3G22121"	0.0949282081012733	5.45369505111637e-09	4.4946070665894e-07	62.5	0.105974153846154	0.0110459457448805	3.26212359572792
"AT1G52100"	0.0941528046475034	4.90634768590681e-07	3.21407708022502e-05	39.3571428571429	0.110504855436526	0.0163520507890222	2.75656627363357
"AT2G06850"	0.0928350506864806	3.08197911635943e-12	3.57906499050559e-10	167.5	0.0982243775382559	0.00538932685177534	4.18790412912035
"AT2G30600"	0.0928225824066532	1.47598441579966e-07	1.02842568680877e-05	46.2857142857143	0.107029592111897	0.0142070097052434	2.91333490293802
"AT2G40330"	0.0924721067726208	2.10817626234983e-05	0.00105954865329706	26.2142857142857	0.116008559890391	0.0235364531177706	2.30126242952529
"AT4G13860"	0.092153867241349	1.9296490074705e-06	0.000113331761055614	35.2142857142857	0.110191772029508	0.0180379047881595	2.6109128268604
"AT5G19240"	0.092066700146438	3.81730708154393e-08	2.86840687514642e-06	54.7142857142857	0.104396690643785	0.0123299904973469	3.08183238648374
"AT4G17215"	0.0906771072906716	0.000132391094584516	0.00559069721456213	21.1428571428571	0.119374051806484	0.0286969445158127	2.05652023341009
"AT5G09530"	0.0895537996792813	8.22363728447684e-07	5.16639901367809e-05	41.2142857142857	0.105260142090818	0.0157063424115364	2.74454008780051
"AT5G09480"	0.089426309112116	3.97123915052422e-06	0.000227996722615677	34.2857142857143	0.10789797008547	0.0184716609733541	2.54628221872918
"AT5G07690"	0.0891886024442743	1.28544891819793e-05	0.000671715235250009	29.7857142857143	0.110145419911995	0.0209568174677208	2.39391795697447
"AT4G23600"	0.0879421558354271	4.46076990612276e-06	0.000252321556793195	34.9285714285714	0.106111067682824	0.0181689118473971	2.54603121829354
"AT2G23000"	0.0875915839919319	6.88465409015571e-07	4.45294778683531e-05	44.1428571428571	0.102390084857801	0.014798500865869	2.79055307705545
"AT5G13740"	0.0863322784067936	1.16045910536489e-06	7.08712256021448e-05	42.7857142857143	0.101536034652163	0.0152037562453695	2.73949211827954
"AT1G31580"	0.0862615099043378	3.58091334362598e-12	4.12720455973253e-10	254.714285714286	0.0904979624424094	0.00423645253807161	4.41695669891625
"AT1G74460"	0.0861873840161937	3.07012089523218e-05	0.00147993343405704	28.2857142857143	0.108148305118002	0.0219609211018084	2.30000058445621
"AT2G39310"	0.0861687632472716	3.06204372968466e-09	2.63697013103012e-07	88.5714285714286	0.0945585527895622	0.00838978954229052	3.49450142910786
"AT4G17245"	0.0861040076867038	1.86897097838035e-05	0.000945526604871034	30.2857142857143	0.106748226853246	0.0206442191665426	2.3704023489827
"AT2G38310"	0.0856055975575807	1.79520953658141e-10	1.71992293664103e-08	133.928571428571	0.0918389278632479	0.00623333030566722	3.88103073130382
"AT5G47500"	0.0838143610704823	1.67949765206288e-10	1.61918361688502e-08	149	0.0896217426103467	0.00580738153986437	3.94788905254545
"AT1G03870"	0.0835555338451336	2.68378541612435e-10	2.53949053356606e-08	140.285714285714	0.0895980380676396	0.00604250422250596	3.89024866060898
"ATCG00280"	0.0830541755387352	6.62734986889291e-08	4.86079646604112e-06	66.9285714285714	0.0935030385250154	0.0104488629862801	3.16166728722684
"AT1G21110"	0.0823089003541644	0.000126257620186143	0.00538858002724374	25.0714285714286	0.106826055982313	0.0245171556281485	2.12340005946292
"AT4G16370"	0.0813157992447956	2.52558432278782e-07	1.6980123721059e-05	59.6428571428571	0.0927940158375097	0.011478216592714	3.01513326759586
"AT1G66270"	0.0810605810864932	9.87362591686747e-09	7.76168265023905e-07	92.8571428571429	0.0891564861174328	0.00809590503093967	3.46107548575676
"AT5G24570"	0.0805385732866623	1.22751664206611e-05	0.000646618646262246	36.5	0.0980123273236428	0.0174737540369805	2.48777362485876
"AT1G65845"	0.0801455545218898	1.19731876191409e-07	8.45792594533691e-06	68.4285714285714	0.0904097014382447	0.0102641469163549	3.13886386396887
"AT1G80240"	0.0784316800874273	4.39711989559388e-05	0.00206126761099568	32.0714285714286	0.0980390436097501	0.0196073635223229	2.32196085196875
"AT5G62210"	0.0780654641305325	1.27462467391926e-06	7.72281487213766e-05	53.2857142857143	0.0906718004375574	0.0126063363070249	2.84650487626489
"AT2G17500"	0.0776905529642188	4.02278791145072e-06	0.000230094462293388	46	0.0919732441471572	0.0142826911829384	2.68694638765615
"AT1G44800"	0.07636886868208	6.09640646853649e-08	4.49287570943249e-06	87.1428571428571	0.0848630434333202	0.00849417475124027	3.32059072399119
"AT1G12080"	0.0758232513722043	1.57096402453316e-06	9.40676075471439e-05	55.6428571428571	0.0879812263584949	0.0121579749862905	2.85529275520824
"AT1G15380"	0.0757976507388849	9.1254864553747e-06	0.000490823094296276	43.2857142857143	0.0908491458437542	0.0150514951048693	2.59356614960023
"AT1G45145"	0.0744160200591518	8.09984640470773e-08	5.82922749003591e-06	91	0.0826358763805932	0.00821985632144139	3.32958318223402
"AT4G12510"	0.0741337760130764	4.15894885197332e-09	3.52223905811597e-07	153.642857142857	0.0798267778070886	0.00569300179401218	3.80961131866957
"AT1G22530"	0.073265363900173	3.33959034621856e-05	0.00158983168997467	38.3571428571429	0.0899910024469183	0.0167256385467454	2.42771947322668
"AT2G23130"	0.0732538072726127	4.18370820098879e-07	2.76431306090333e-05	74.2857142857143	0.0828681156121984	0.00961430833958569	3.10756213837108
"AT4G29270"	0.0712049729988034	2.46622699369148e-05	0.0012195094705257	42.7857142857143	0.0864087292441729	0.0152037562453695	2.50674926426578
"AT1G66280"	0.0709317302335978	8.24253022516652e-05	0.00366231147308921	35.5	0.0888407367280607	0.0179090064944628	2.31053605098474
"AT2G16586"	0.0702173697540967	4.98372797264057e-06	0.000277802058518572	56.9285714285714	0.0821464334512796	0.0119290636971828	2.78371712761787
"AT5G63660"	0.0698338618944565	3.81538986403696e-05	0.00180512688968588	41.6428571428571	0.0853993735964026	0.0155655117019462	2.45587248286482
"AT3G56360"	0.0678607492903854	1.34542988938779e-05	0.000698759143171717	52.8571428571429	0.0805529021745238	0.0126921528841384	2.66599976299784
"AT4G21850"	0.067253768725709	6.95994272326139e-07	4.4827294960031e-05	89.7857142857143	0.0755574425466941	0.00830367382098511	3.18575219149758
"AT1G62380"	0.0658873542136564	4.75032757574212e-09	3.95748757655168e-07	325.642857142857	0.0696415383559123	0.00375418414225586	4.213376750917
"AT2G37130"	0.0655281988396211	2.740806653867e-05	0.00134157376129337	51.0714285714286	0.0785934237897659	0.0130652249501448	2.58867663732789
"AT3G54040"	0.0653752289427449	1.39519682806899e-07	9.76574072030573e-06	137.428571428571	0.0715013134651708	0.00612608452242592	3.54493256691313
"AT3G30775"	0.0647965952959157	2.70449437308473e-05	0.00132875622580179	52.6428571428571	0.0775321804504251	0.0127355851545093	2.6059299908419
"AT3G22620"	0.0647810612319681	2.54152766154814e-06	0.000147572263347998	80.4285714285714	0.0738155175087493	0.00903445627678126	3.03041444903368
"AT1G04040"	0.0642607740167557	2.42386611670753e-07	1.63680368735726e-05	131.928571428571	0.0705579424806583	0.00629716846390259	3.48603332307647
"AT5G23830"	0.0640892450709045	8.79445558065184e-05	0.00387385659758081	43.7142857142857	0.0790130028884354	0.0149237578175309	2.40447923858285
"AT1G76960"	0.0617995758426841	2.02516845583256e-05	0.00102117787037689	62.9285714285714	0.0727840665095951	0.010984490666911	2.72815468219453
"AT4G21990"	0.0614266121230515	7.51766237372387e-07	4.78166998036569e-05	125.5	0.0679427554873976	0.00651614336434609	3.38222947871375
"AT3G16450"	0.0611055788008084	8.07550935233436e-07	5.09421740172566e-05	126.357142857143	0.0675912381522568	0.00648565935144848	3.38151108644418
"AT5G51720"	0.0606622895315109	7.89121518129932e-08	5.70586969406308e-06	247.142857142857	0.0649665747397045	0.00430428520819355	3.91585206212182
"AT3G25190"	0.0603659587452498	0.000115541383823081	0.00497509514782026	47.7857142857143	0.0741904885161335	0.0138245297708837	2.42400383077556
"AT1G06360"	0.0603145701317446	8.53056230487592e-06	0.000460440104124799	80.2142857142857	0.0693677588158644	0.00905318868411989	2.93776734560732
"AT2G02120"	0.059850341658468	1.06271739945818e-05	0.000567609582449283	78.6428571428571	0.0690440205619619	0.00919367890349393	2.90880229290126
"AT2G01010"	0.0589778581650579	6.47930897823557e-09	5.25509668398799e-07	2816.07142857143	0.0612004212919134	0.00222256312685552	4.78324528296275
"AT1G01120"	0.0588280800933943	7.87307590300879e-05	0.00351855336784903	55.0714285714286	0.0710912242956634	0.0122631442022691	2.53534255495125
"AT3G08520"	0.0587942670780312	5.13152309533638e-09	4.25195229883304e-07	22413.3571428571	0.0608417214757851	0.00204745439775387	4.89315774904308
"AT2G46600"	0.0584258809293299	8.41800741202547e-06	0.000456903571813219	89.5714285714286	0.066744581980039	0.00831870105070911	3.00422055317852
"AT1G17170"	0.0581915779944544	2.75395390934019e-05	0.00134157376129337	70.5	0.0682135630075874	0.010021985013133	2.76689033556666
"AT4G11320"	0.0580622603428193	3.24279146868278e-07	2.17068779141652e-05	212.5	0.0627385680063881	0.00467630766356881	3.74591084449276
"AT3G05890"	0.0575909104949957	1.61710744017718e-07	1.12165791631113e-05	289.714285714286	0.0615598731998718	0.00396896270487614	3.95515634907524
"AT4G39800"	0.0572496473887982	1.7094980090393e-06	0.000101569360389781	142.285714285714	0.063235642601298	0.00598599521249983	3.40107492876601
"AT3G16670"	0.0571361689345047	1.51446714236059e-06	9.13986882883679e-05	148.428571428571	0.0629581225234297	0.00582195358892504	3.43481727498743
"AT4G33220"	0.0562214277908466	7.03753857186351e-05	0.00319166949018035	63.8571428571429	0.0670755956553894	0.0108541678645427	2.62753883530583
"AT4G16260"	0.0560389253421216	4.97664783386531e-05	0.00230474424910336	69.5714285714286	0.0661676824413101	0.0101287570991886	2.70766959752415
"AT4G30660"	0.0551138726847569	6.36991701608025e-07	4.1374770313345e-05	243.428571428571	0.0594529770412532	0.00433910435649624	3.77627986427353
"AT5G64120"	0.0549660926564335	5.19036324312383e-05	0.00239647825764594	73.1428571428571	0.0646990262545072	0.00973293359807366	2.73279738168953
"AT1G54000"	0.0547862863709282	3.43056145279963e-06	0.000197695776353254	146.214285714286	0.0606657824686806	0.00587949609775242	3.36711859831539
"AT3G02468"	0.0546181452690297	1.78804930417442e-07	1.23463999025629e-05	492.142857142857	0.0577864018266276	0.00316825655759788	4.1889689695855
"AT3G25820"	0.053837931582459	2.35731186909449e-05	0.0011770434410863	94.7142857142857	0.0618147461578186	0.0079768145753596	2.95406639260184
"AT1G76930"	0.0535319534874724	0.000119790177313006	0.00512922801125997	65.2857142857143	0.0641928636699979	0.0106609101825255	2.59008230720931
"AT5G06860"	0.0534671643641686	4.47032540485948e-05	0.00208919567472838	82.9285714285714	0.0622902289468802	0.00882306458271158	2.81965412476159
"AT4G37410"	0.0533568946852559	1.17162686874561e-06	7.12693185357202e-05	246.214285714286	0.0576697861929429	0.00431289150768699	3.74108834356811
"AT3G16660"	0.0532252309060961	1.14390278486143e-05	0.000608850201011834	119.714285714286	0.0599585592209239	0.00673332831482774	3.15457399936217
"AT4G15620"	0.0529127967657274	8.66766812934738e-05	0.0038290110880336	73.0714285714286	0.0626532676480647	0.00974047088233732	2.68532633137894
"AT1G29418"	0.0525346295380084	3.22587617137549e-05	0.00155013968122304	95.8571428571429	0.0604404512933501	0.00790582175534166	2.9345270991426
"AT5G40730"	0.0520907168702445	1.34929027580943e-05	0.000698759143171717	125.857142857143	0.0585941081018778	0.00650339123163329	3.171491481251
"AT4G26320"	0.0520460626429659	9.884823577333e-05	0.00429247763787359	74.5714285714286	0.0616312827965622	0.00958522015359631	2.68477934649942
"AT3G56090"	0.0518703963077188	2.7568382465093e-05	0.00134157376129337	105	0.0592639106924821	0.00739351438476329	3.00282163590703
"AT1G76160"	0.0509993047103385	6.36151788721007e-05	0.00289364117783511	89.5	0.0593230308282897	0.00832372611795121	2.83329090647393
"AT1G74670"	0.0502403116407722	7.4693159635153e-06	0.000410384030124466	184.285714285714	0.055322951190988	0.00508263955021579	3.44422829207895
"AT1G62510"	0.0493397884998771	0.000147025181289728	0.00610772087802234	80.2142857142857	0.058392977183997	0.00905318868411989	2.68929694117411
"AT1G76790"	0.0492846254300443	6.14831878629207e-05	0.0028049874605676	102.928571428571	0.0567862352034709	0.00750160977342659	2.92026914513052
"AT3G22120"	0.0491188626218646	1.21586493061487e-05	0.000642689431772255	176.785714285714	0.0543313351070927	0.00521247248522804	3.38174473118541
"AT1G54010"	0.0490513115816032	1.46418018647232e-05	0.000755704312405191	166.571428571429	0.0544594083543564	0.00540809677275324	3.33198843644349
"AT1G48300"	0.048616784294116	5.52801712975226e-05	0.00253709504736444	112.428571428571	0.055655402141907	0.00703861784779099	2.98315766416726
"AT1G62180"	0.0484451345916398	1.8151250201659e-05	0.000924387090834653	165.5	0.0538751506887979	0.00543001609715806	3.3105916194405
"AT1G21130"	0.0476829652443247	0.000128724247032475	0.00546596671124876	94.2142857142857	0.0556913807745388	0.00800841553021405	2.79786532438009
"AT5G44020"	0.0466734201842825	9.30369138896214e-06	0.000498658340214688	289.428571428571	0.0506443045781108	0.00397088439382828	3.6728677689606
"AT5G10430"	0.0457984057120083	0.000239698487089379	0.00987725298008896	90.7142857142857	0.0540377819217177	0.00823937620970938	2.71336143538768
"AT3G20370"	0.0455895027499622	2.94781741619898e-05	0.00142997130294032	198.5	0.0504529954117224	0.00486349266176017	3.37487527905689
"AT1G68530"	0.0452289707317509	5.24729975233118e-05	0.00241549122833287	163.642857142857	0.05069766026052	0.00546868952876909	3.21265210306346
"AT3G16400"	0.0442002451801835	3.61090519823692e-05	0.0017136707672995	224.785714285714	0.048731497003536	0.00453125182335252	3.42687296631136
"AT4G30650"	0.0416653960166999	8.59581253237485e-05	0.00380824307250792	223.357142857143	0.0462126949140978	0.00454729889739791	3.34520748161939
"AT1G76680"	0.0408248857287046	0.000135191438297211	0.0056932680155438	203.214285714286	0.0456224665250459	0.00479758079634129	3.24936543812056
"AT2G45180"	0.0401468227072658	2.38784651166446e-05	0.00118841880445794	1637.71428571429	0.042513483711793	0.00236666100452724	4.16699550615418
"AT3G16370"	0.0399784544650926	8.04431363781166e-05	0.00358463034168648	339.214285714286	0.0436633483260848	0.00368489386099222	3.56672779780563
"AT1G62480"	0.0390432617040433	0.000233670134336172	0.00965479646695199	206.642857142857	0.0437947955346054	0.00475153383056206	3.20429422723499
"AT2G42840"	0.0383063624363646	0.000142331771403215	0.00597754444887637	345.142857142857	0.0419626975284485	0.00365633509208393	3.52063722283211
