"Gene"	"effect.size"	"p.value"	"q.value"	"Mean"	"CV2"	"TechNoise"	"BioVar"
"AT2G24940"	2.26251529720205	0	0	4.78571428571429	2.33209383621502	0.0695785390129745	5.06683964300493
"AT4G19112"	1.75635865495401	0	0	5.28571428571429	1.81952014384447	0.0631614888904615	4.84836903317018
"AT5G27889"	1.15855763966503	0	0	5.5	1.21932612841704	0.0607684887520104	4.3266168253466
"AT1G55010"	0.959337583801165	0	0	9	0.997150997150997	0.0378134133498318	4.72084199657378
"AT1G13609"	0.930694274794748	0	0	18.2142857142857	0.950259367698814	0.0195650929040662	5.60196747636109
"AT5G45428"	0.929640632576245	0	0	28.7857142857143	0.942659960583844	0.0130193280075991	6.17801056016065
"AT4G22505"	0.861477862666673	0	0	35.5714285714286	0.872345731396392	0.0108678687297184	6.32675907281592
"AT4G22513"	0.806396842588477	0	0	136.642857142857	0.810513898893979	0.00411705630550153	7.62107993610757
"AT5G47990"	0.805047087811491	0	0	8.21428571428571	0.846310891377054	0.041263803565563	4.35823901766584
"AT2G41240"	0.799191680212321	0	0	6.42857142857143	0.851433998100665	0.0522423178883441	4.0266038857175
"AT4G22517"	0.799187937824196	0	0	113.142857142857	0.80379847425302	0.00461053642882333	7.44575541292241
"AT4G22485"	0.797044417120697	0	0	27.7857142857143	0.81046964349348	0.0134252263727833	5.9157398300719
"AT4G22510"	0.728669324916258	0	0	13.9285714285714	0.753718707328175	0.025049382411917	4.91117926128619
"AT4G22520"	0.723374243532073	0	0	66.2142857142857	0.730018421349681	0.00664417781760857	6.77969837477059
"AT5G03545"	0.692682041551748	0	0	23.7142857142857	0.70811326864455	0.0154312270928021	5.52005545507055
"AT2G42540"	0.689816616317556	0	0	34.3571428571429	0.701007050919093	0.0111904346015372	5.9690909830415
"AT4G22490"	0.674336078583613	0	0	169	0.677998238587854	0.0036621600042405	7.53244288945801
"AT3G05727"	0.672654684064226	0	0	300.642857142857	0.675475689935591	0.00282100587136553	7.90355036970745
"AT5G38930"	0.655145286934788	0	0	10.2857142857143	0.688449667616334	0.0333043806815467	4.36956732379831
"AT5G09672"	0.65185948908769	0	0	10.9285714285714	0.683307209258766	0.0314477201710763	4.44150701148412
"AT2G14580"	0.627337696990774	0	0	5.21428571428571	0.691340560359138	0.0640028633683644	3.43318821466565
"AT5G59330"	0.616546239015932	0	0	9.5	0.652461112294907	0.0359148732789749	4.18323858708009
"AT1G29951"	0.574678921543756	0	0	9.07142857142857	0.61220830133968	0.037529379795924	4.02793025365506
"AT3G18000"	0.572625393174783	0	0	8.92857142857143	0.610727384615385	0.038101991440602	4.00259022735753
"AT3G12900"	0.533601221432442	0	0	22.1428571428571	0.550004002241255	0.0164027808088135	5.06742979203291
"AT5G64110"	0.53317046395255	0	0	12	0.561965811965812	0.0287953480132616	4.28657470129844
"AT1G52000"	0.527896823269675	0	0	14.5714285714286	0.55191790139887	0.024021078129195	4.5220808703908
"AT1G47400"	0.515401247617893	0	0	15.4285714285714	0.538184552073441	0.0227833044555481	4.56205206717206
"AT5G55450"	0.500279564000264	0	0	24.6428571428571	0.515194933191153	0.0149153691908883	5.11024681162609
"AT5G48000"	0.489883132488675	0	0	7.85714285714286	0.532943420216147	0.0430602877274726	3.62955251312062
"AT1G47395"	0.467648075764696	0	0	28.0714285714286	0.480954380260947	0.0133063044962517	5.17571819882203
"AT1G77120"	0.45268417410699	0	0	8.07142857142857	0.494647493629403	0.0419633195224127	3.55920005447409
"AT4G35770"	0.446887808677563	0	0	16.4285714285714	0.46839028646212	0.021502477784557	4.44513633747241
"AT2G14247"	0.423327276082503	0	0	19.7142857142857	0.441536199570226	0.0182089234877226	4.59981418504982
"AT5G48010"	0.401560291652971	1.66533453693773e-15	2.71702949993863e-13	6.92857142857143	0.450158195508392	0.0485979038554209	3.21146609199687
"AT4G37095"	0.391149892853454	0	0	24.7857142857143	0.405989329956807	0.0148394371033532	4.77393353848707
"AT5G04238"	0.38466807895758	0	0	10.2857142857143	0.417972459639126	0.0333043806815467	3.64962402638239
"AT1G25470"	0.381256320026084	4.44089209850063e-16	7.48963937061735e-14	7.71428571428571	0.425081776933629	0.0438254569075452	3.27789937544353
"AT5G38940"	0.381192179390537	0	0	19.5714285714286	0.399521305589823	0.0183291261992859	4.44606252562661
"AT4G29030"	0.379182264805987	0	0	48	0.387686965811966	0.00850470100597864	5.51048790477897
"AT5G08760"	0.372028417382195	0	0	17	0.392866648922012	0.0208382315398173	4.2367349483348
"AT4G33610"	0.367109638756013	0	0	11.2142857142857	0.397800503687152	0.0306908649311394	3.69616389330757
"AT5G18661"	0.365033102542694	1.15685239165941e-12	1.57857767261889e-10	6.21428571428571	0.419016839944307	0.0539837374016128	2.95641145979937
"AT5G04790"	0.363534651872416	0	0	13.1428571428571	0.389977461102225	0.0264428092298085	3.88244338620605
"AT3G61930"	0.361897589971746	0	0	10.5	0.394557823129252	0.0326602331575059	3.59462974990188
"AT4G30140"	0.356862557972421	0	0	52.8571428571429	0.364745743664663	0.00788318569224204	5.53196857442928
"AT3G56970"	0.356261839709227	0	0	15.7857142857143	0.378569077367218	0.0223072376579916	4.08497279384093
"AT4G12490"	0.355085301027278	0	0	19.5714285714286	0.373414427226564	0.0183291261992859	4.3485677532335
"AT3G25572"	0.321871784886754	0	0	14.2857142857143	0.346338461538462	0.0244666766517079	3.82329255419819
"AT5G02760"	0.312140680308786	0	0	17.5	0.33243328100471	0.020292600695924	4.03403914476781
"AT5G53486"	0.309500343077397	0	0	15.1428571428571	0.332680669277323	0.0231803261999254	3.84316526590486
"AT1G55990"	0.29674995546241	0	0	12.8571428571429	0.323741690408357	0.0269917349459475	3.58425354620348
"AT4G36850"	0.295502967199419	3.00859337443171e-12	3.96131460966842e-10	7.85714285714286	0.338563254926891	0.0430602877274726	2.97499553792276
"AT3G02480"	0.29544129320668	7.21378512480442e-12	9.25460809600977e-10	7.57142857142857	0.340060793602979	0.0446195003962998	2.93004641902244
"AT2G43018"	0.290043651673394	0	0	15.1428571428571	0.313223977873319	0.0231803261999254	3.7562218842219
"AT3G27027"	0.288244880464056	3.5601077641445e-11	4.20765492439441e-09	7.28571428571429	0.334545884718895	0.046301004254839	2.85308870705419
"AT4G31940"	0.288100341180905	0	0	205.428571428571	0.291421849557763	0.00332150837685815	6.45512668540164
"AT1G61275"	0.286197588269452	3.04898106762153e-10	3.11327930782307e-08	6.64285714285714	0.336810836290545	0.0506132480210927	2.73435159031486
"AT2G30766"	0.284579190664291	0	0	187.714285714286	0.288049834650197	0.00347064398590692	6.37497123644161
"AT5G58390"	0.281898289283457	8.24968982016117e-11	9.24088389556859e-09	7.21428571428571	0.328640480194249	0.0467421909107923	2.81371293161532
"AT2G01520"	0.279435360427801	0	0	37.7857142857143	0.289768393205702	0.0103330327779014	4.80956458294839
"AT3G56980"	0.27775145939681	0	0	15.0714285714286	0.301033393057382	0.0232819336605717	3.6926407411522
"AT1G14960"	0.27226107373781	5.77072034602111e-09	5.21798267432391e-07	6.07142857142857	0.327474048442907	0.0552129747050966	2.56830134464804
"AT3G22231"	0.264707078496542	0	0	26.6428571428571	0.278633498407952	0.0139264199114099	4.32247238016904
"AT5G64570"	0.256871969976956	0	0	22.0714285714286	0.27332219942268	0.0164502294457237	4.0544230295915
"AT3G28220"	0.254738897831759	0	0	79.2142857142857	0.260578431196564	0.00583953336480562	5.47972077430676
"AT5G40590"	0.254701811762642	7.105427357601e-15	1.07729762260193e-12	12.3571428571429	0.282715246596432	0.0280134348337902	3.33515889490534
"AT3G14620"	0.254400099330436	0	0	14.8571428571429	0.27799271734183	0.0235926180113941	3.55863966404573
"AT1G53542"	0.252525453248119	4.42978986825437e-14	6.51873979632335e-12	11.6428571428571	0.282150684574562	0.0296252313264429	3.25156752561262
"AT5G20150"	0.246595894088822	1.11022302462516e-16	1.93772646507251e-14	15.0714285714286	0.269877827749394	0.0232819336605717	3.53502366461695
"AT5G56080"	0.239726259193359	0	0	68.4285714285714	0.246211779599448	0.00648552040608896	5.24653363389409
"AT1G73830"	0.238660052721941	7.7848838486716e-13	1.072028500629e-10	11.2142857142857	0.26935091765308	0.0306908649311394	3.13360577073357
"AT5G64572"	0.238455213596335	0	0	81.7142857142857	0.244169359419494	0.00571414582315884	5.41720050517472
"ATCG00710"	0.236019420823776	0	0	30.2857142857143	0.248480159925514	0.0124607391017382	4.31766911471986
"AT1G01580"	0.235111764547531	0	0	106	0.239915655721992	0.00480389117446163	5.64218002455384
"AT2G37770"	0.232905235092252	3.69756447682335e-11	4.33597209352488e-09	9.71428571428571	0.268066276284269	0.035161041192017	2.9305400369894
"AT5G59320"	0.230174074180399	4.66293670342566e-15	7.29069582483532e-13	14.7142857142857	0.253978842347209	0.0238047681668101	3.41538583484724
"AT3G12820"	0.229822551164998	8.39654124007438e-10	8.40213893423443e-08	8.42857142857143	0.270081541555256	0.0402589903902576	2.74601214560332
"AT3G49580"	0.225734866391282	1.90033977442994e-08	1.63931609276973e-06	7.21428571428571	0.272477057302074	0.0467421909107923	2.54333749624011
"AT5G09520"	0.220222779730687	2.76756395578559e-12	3.67620663507449e-10	11.9285714285714	0.24918012891766	0.0289573491869724	3.10518757757972
"AT2G41100"	0.218304574205605	0	0	36.7142857142857	0.228888342803769	0.0105837685981646	4.43471865952347
"AT3G13610"	0.217390181475842	0	0	79.4285714285714	0.223218658056399	0.00582847658055763	5.25919496380603
"AT3G55240"	0.217175060692771	7.43849426498855e-14	1.08399804774251e-11	14.3571428571429	0.241528675032796	0.0243536143400255	3.30998667558247
"AT1G25472"	0.215787541570731	4.19003216567404e-08	3.45562542894326e-06	7.28571428571429	0.26208854582557	0.046301004254839	2.50093891373074
"AT1G52400"	0.213377761539026	0	0	41.5	0.222941813593577	0.00956405205455164	4.5429014324768
"AT1G16515"	0.211382390791168	4.09051278404959e-08	3.39218767340245e-06	7.5	0.256410256410256	0.0450278656190879	2.50956397216931
"AT5G07842"	0.20377970935768	2.07923132677923e-06	0.000144487325069242	5.92857142857143	0.260281161718235	0.0565014523605555	2.20371104071242
"AT2G33830"	0.198257104224067	5.80211117595653e-07	4.37636626889987e-05	6.78571428571429	0.247841466013211	0.0495843617891444	2.32146049126614
"ATCG01020"	0.196342387636443	0	0	67.7857142857143	0.202872902052672	0.00653051441622894	4.95723572642385
"AT3G23290"	0.195354965842113	1.00134345260017e-10	1.10515920761239e-08	11.9285714285714	0.224312315029085	0.0289573491869724	2.95350738195608
"AT1G43800"	0.193526276218275	3.02174211153083e-06	0.000204307878802152	6.14285714285714	0.248117485543121	0.0545912093248461	2.1842828479555
"AT5G15960"	0.193524894474203	0	0	26.2857142857143	0.207616875090883	0.0140919806166797	3.88097741000101
"AT3G02040"	0.191646952430676	1.78514047988187e-09	1.71762555147609e-07	10.4285714285714	0.224518960116633	0.0328720076859577	2.77190580437878
"AT3G29250"	0.191033347011424	1.23845378396936e-12	1.67470191868289e-10	15.5	0.213719683022493	0.0226863360110689	3.23582425412313
"AT4G32480"	0.188432889816385	1.09801057135428e-13	1.58472487269497e-11	17.8571428571429	0.208354461538462	0.0199215717220765	3.38663661397258
"AT5G05250"	0.187996080251703	3.54007378966514e-10	3.59030456641039e-08	11.7857142857143	0.217283322737868	0.0292872424861654	2.89123317775356
"ATCG00640"	0.186109775269889	1.86159976323097e-11	2.27175710943877e-09	14.0714285714286	0.21092252590101	0.0248127506311214	3.08755959895601
"AT1G28710"	0.18478318299211	1.33072663999201e-10	1.45486544631181e-08	12.7857142857143	0.211915982647233	0.0271327996551229	2.9653825768664
"AT2G18150"	0.181500215733704	4.81057866874579e-08	3.94572600097674e-06	9.14285714285714	0.21875	0.0372497842662961	2.55397904166279
"AT3G08770"	0.178090202760722	0	0	162.857142857143	0.181824821838672	0.00373461907795072	5.60544425330977
"AT2G42610"	0.172763256436745	2.83303957224756e-05	0.00166760486193866	5.78571428571429	0.230616814978955	0.05785355854221	1.99502010154877
"AT5G02780"	0.170287368797291	0	0	54.3571428571429	0.178001063415338	0.00771369461804689	4.52832001854987
"AT3G22060"	0.170247171029895	1.28341781646668e-13	1.83467632620618e-11	21.2857142857143	0.187240352998652	0.016993181968757	3.46186346284614
"AT1G21910"	0.169201029885478	2.93315282062778e-07	2.2930533248762e-05	8.85714285714286	0.207596253902185	0.0383952240167073	2.43478164000438
"AT1G61280"	0.169003762207223	9.68370976107691e-05	0.00487760011791156	5.21428571428571	0.233006625575588	0.0640028633683644	1.86416262354952
"AT1G49860"	0.167690932886459	0	0	84.0714285714286	0.173293686359536	0.00560275347307638	4.95093926936199
"AT5G52640"	0.167353544613639	2.5827118221855e-12	3.46129504026825e-10	18.7142857142857	0.186442425356242	0.019088880742602	3.28792576620839
"AT3G07273"	0.16651655112327	4.14195196674072e-06	0.000277547763485617	7.28571428571429	0.212817555378109	0.046301004254839	2.20050177349628
"AT3G54363"	0.165156246063928	1.4162362625636e-05	0.000882062502119485	6.57142857142857	0.216300712519994	0.051144466456066	2.08038835568634
"AT5G04140"	0.164921889884861	0	0	319.5	0.167679161926335	0.0027572720414744	5.9263179856972
"AT4G22610"	0.164325839435117	0.000165903993724958	0.00803296434132783	5.07142857142857	0.230082553827843	0.0657567143927253	1.80694147426583
"AT5G37990"	0.16361711099345	0	0	38.8571428571429	0.173713235294118	0.0100961243006675	4.10483419514391
"AT2G05380"	0.163055641403578	0	0	318.928571428571	0.165814734040865	0.00275909263728702	5.90923450157139
"AT5G33370"	0.162978775373943	1.58758372004186e-07	1.28116299128109e-05	9.78571428571429	0.197895875768964	0.0349171003950209	2.50273588236141
"AT3G17790"	0.161546552623053	1.97952765290665e-13	2.80308585567254e-11	23	0.177402937327323	0.0158563847042696	3.48389412154466
"AT3G18217"	0.159935382892769	2.79863576757577e-10	2.87722759392551e-08	15.4285714285714	0.182718687348317	0.0227833044555481	3.00357527791307
"ATCG00905"	0.159424417194083	1.81815484889825e-09	1.73824868037979e-07	13.7857142857143	0.184715335672408	0.025290918478325	2.86861231182356
"ATCG00300"	0.159406985502696	1.11022302462516e-16	1.93772646507251e-14	35	0.170423861852433	0.0110168763497375	3.95134021322358
"AT5G45070"	0.157516482456781	1.11022302462516e-16	1.93772646507251e-14	35.7857142857143	0.168329700188139	0.0108132177313581	3.96042194860002
"AT1G19394"	0.156832845257673	5.26909589688707e-05	0.00287596834226454	6.14285714285714	0.211424054582519	0.0545912093248461	1.95339896572541
"AT1G31258"	0.156407848472533	0	0	47.7857142857143	0.164942879294666	0.00853503082213302	4.27242632362121
"AT4G39675"	0.156053060830715	1.93178806284777e-14	2.87090483399456e-12	28.0714285714286	0.169359365326966	0.0133063044962517	3.66990590958834
"AT2G16060"	0.153977389721322	7.7715611723761e-16	1.28188058458643e-13	34.7857142857143	0.165051406056765	0.0110740163354429	3.89766496855493
"ATCG00140"	0.153107873072576	0	0	42.9285714285714	0.162411595674516	0.00930372260193931	4.12570274751465
"ATCG00580"	0.152314749652762	2.44249065417534e-15	3.90018986374169e-13	33.3571428571429	0.163788460392141	0.0114737107393784	3.8354297591539
"AT2G39530"	0.147772912238881	0	0	45.2142857142857	0.156694324794772	0.00892141255589124	4.13453696377181
"AT3G16360"	0.147594464113351	1.14168258369407e-06	8.31876484526602e-05	9.64285714285714	0.183003060040097	0.0354085959267464	2.36969623024768
"AT4G19690"	0.146600753853868	0	0	317.214285714286	0.149365347633963	0.00276459378009488	5.75563416389941
"AT5G42800"	0.146381604999956	0	0	65.2857142857143	0.153095519508574	0.00671391450861814	4.51113408468795
"AT3G21680"	0.14403407830351	8.61563996951142e-05	0.00441367767721387	6.5	0.195721438324989	0.0516873600214782	1.92091836772529
"AT3G26460"	0.143677287364102	1.08772443432326e-05	0.000688892141738062	8.14285714285714	0.185287780855648	0.0416104934915455	2.15474843966645
"AT5G42530"	0.143337087588931	0	0	164.857142857143	0.147047522490935	0.0037104349020048	5.30855037137117
"AT1G62500"	0.139941624932042	1.44635303733764e-10	1.55069707788843e-08	20.3571428571429	0.157630513530791	0.0176888885987488	3.15563152261321
"AT5G51440"	0.136223756724021	3.12748582587119e-09	2.93397264039541e-07	17.2857142857143	0.156746334056627	0.0205225773326063	2.93314787341263
"AT5G46890"	0.134873697104845	0	0	62.2857142857143	0.141827125403845	0.00695342829899982	4.35026521839185
"AT2G22482"	0.13409980798826	8.03946368379549e-05	0.00414681614755224	7.21428571428571	0.180841998899052	0.0467421909107923	1.95193250623014
"AT5G20820"	0.133300106392443	9.35734487200746e-05	0.0047611439501299	7.14285714285714	0.180492307692308	0.0471922012998648	1.93531697968639
"AT4G12480"	0.13267831866127	0	0	117.285714285714	0.137187500463622	0.00450918180235208	4.92713955120036
"AT2G15128"	0.132617442775403	1.78119482374672e-06	0.000124933337871207	10.8571428571429	0.16426060089495	0.0316431581195469	2.37602098172802
"AT5G09530"	0.130981465264665	2.05487848958796e-11	2.48739726844479e-09	26.5	0.144973573951858	0.0139921086871935	3.3731046410934
"AT5G47500"	0.130870635922856	0	0	96.8571428571429	0.135963635219646	0.00509299929678947	4.73856151215789
"AT4G22870"	0.130660834253049	8.7837626061571e-11	9.76624271988282e-09	24.0714285714286	0.145888944504764	0.0152281102517153	3.26006173436703
"AT5G09670"	0.129143227191685	3.15584652854639e-08	2.67622917477296e-06	15.9285714285714	0.151266015650982	0.0221227884592971	2.77348275311115
"AT5G46900"	0.129104125662602	1.1502432861743e-07	9.38323463341102e-06	14.3571428571429	0.153457740002627	0.0243536143400255	2.6556336084895
"AT3G22121"	0.127034823533737	2.22044604925031e-16	3.83090749416634e-14	67.7857142857143	0.133565337949966	0.00653051441622894	4.35420520785221
"AT4G22880"	0.126712839882942	1.88737914186277e-15	3.04618934616776e-13	56.4285714285714	0.134207289265773	0.00749444938283122	4.16249673397097
"ATCG01060"	0.126684961766146	2.29101515536456e-10	2.37159568841532e-08	23.9285714285714	0.141993591171582	0.0153086294054357	3.21340878766781
"AT1G02205"	0.125505276313461	2.53438506070403e-07	2.00216419795618e-05	14.0714285714286	0.150318026944583	0.0248127506311214	2.59886445540151
"AT5G26220"	0.125231899110548	0.000171210685085188	0.00826325525121759	7.21428571428571	0.17197409002134	0.0467421909107923	1.87939395867166
"AT2G19800"	0.125100950316603	6.66133814775094e-15	1.02027230201777e-12	53.2857142857143	0.132934736274083	0.00783378595748045	4.08486461443101
"AT5G03552"	0.124868286457001	8.31839675474733e-05	0.00427599778386155	7.92857142857143	0.167556329718492	0.0426880432614913	1.97274224894787
"AT1G65486"	0.123438214206763	3.19944071236478e-12	4.15548113160959e-10	34.6428571428571	0.134550716580688	0.011112502373925	3.59789444203637
"AT5G57560"	0.122482367378755	5.77315972805081e-15	8.93351830082915e-13	57.7857142857143	0.129841696056758	0.00735932867800263	4.14103577124421
"AT3G47640"	0.122186453139292	5.26450141147272e-07	3.9909174841518e-05	13.7857142857143	0.147477371617617	0.025290918478325	2.54380227292599
"AT4G14130"	0.119854524956992	1.69135705441192e-10	1.78783587230443e-08	27.5	0.133401144310235	0.0135466193532429	3.29976627426163
"AT1G26250"	0.116633177553527	3.57681576912405e-07	2.73918391298735e-05	15.4285714285714	0.139416482009075	0.0227833044555481	2.613352215078
"AT2G20670"	0.11612479615563	1.29527499836968e-11	1.62017314379407e-09	36.2142857142857	0.126830652162398	0.0107058560067687	3.56643139625526
"AT5G54060"	0.115986875981299	3.96753913944892e-07	3.02298286716387e-05	15.4285714285714	0.138770180436847	0.0227833044555481	2.60664867478192
"AT2G43535"	0.115888917877195	2.72337707940551e-13	3.82036354783894e-11	50	0.124123076923077	0.00823415904588153	3.91400624045841
"ATCG00070"	0.114711305274409	9.39903710417411e-12	1.19558938079367e-09	38.3571428571429	0.124916339828484	0.010205034554075	3.61360923027531
"AT5G13580"	0.114660920655577	0.000152296231152094	0.00749497190030468	8.28571428571429	0.155584011707674	0.0409230910520973	1.92670678646719
"AT5G07690"	0.113821899621092	3.48862050358889e-11	4.15588839356105e-09	35.1428571428571	0.1248010697743	0.0109791701532083	3.50678938151526
"AT3G25570"	0.112680688572675	9.67986632982587e-06	0.000620917921413189	11.7857142857143	0.14196793105884	0.0292872424861654	2.27722080905114
"AT1G50060"	0.111444742772371	1.15008295487051e-06	8.33949041188715e-05	14.9285714285714	0.134932808314828	0.0234880655424571	2.52224137165786
"AT3G20380"	0.109945116116688	8.62418077618443e-07	6.34553693384943e-05	15.7142857142857	0.1323458359822	0.0224007198655118	2.56269580347768
"AT2G36030"	0.10987677529927	2.54357846164455e-05	0.0015210801876209	11	0.14113159567705	0.0312548203777807	2.17489038937236
"AT3G16150"	0.109835584679338	5.6654443018056e-06	0.000371346371048481	13	0.136549840691853	0.0267142560125146	2.35374588693863
"AT5G26260"	0.109320945228674	8.16519074575695e-11	9.21500098449712e-09	36.2142857142857	0.120026801235442	0.0107058560067687	3.48688452777008
"AT4G14630"	0.109082126891554	5.73439251638774e-09	5.21655949521091e-07	25.2142857142857	0.123698930253834	0.0146168033622801	3.08113328483058
"AT2G34925"	0.107782911033	6.73712817165217e-05	0.00353581447050696	10.0714285714286	0.141758849771525	0.0339759387385253	2.06085348544187
"AT4G12510"	0.107013247169817	6.66133814775094e-16	1.11096317330824e-13	133.642857142857	0.111183637510959	0.00417039034114125	4.73661825362055
"AT5G51720"	0.106534509962519	3.33066907387547e-16	5.68106168168986e-14	153.071428571429	0.110396569539393	0.00386205957687408	4.83718111256142
"AT1G71030"	0.105966846120778	3.88016394203827e-06	0.000261171572959616	14.3571428571429	0.130320460460804	0.0243536143400255	2.4198558015811
"AT1G66100"	0.105056096798479	0	0	266.357142857143	0.108016102363207	0.00296000556472862	5.18950269804202
"ATCG00350"	0.103833574845046	1.0991207943789e-14	1.64978031236274e-12	108.428571428571	0.108568867118446	0.00473529227340039	4.51901317435393
"ATCG00340"	0.103730164642702	4.55191440096314e-15	7.19202475352176e-13	123.142857142857	0.10810768841518	0.00437752377247871	4.62621030490367
"AT1G24530"	0.103132769397871	2.45565294798578e-06	0.000168307537667884	15.7857142857143	0.125440007055863	0.0223072376579916	2.49141376726557
"AT5G47450"	0.100888099502051	2.4263062079477e-06	0.000167058973308693	16.4285714285714	0.122390577286608	0.021502477784557	2.50891767094948
"AT5G23940"	0.100033775354302	2.1763435498201e-10	2.26853588074998e-08	41.9285714285714	0.109517865909184	0.00948409055488213	3.52951299120578
"AT5G03285"	0.0995316123937537	3.35182992472483e-11	4.02487737360957e-09	51.3571428571429	0.107594189890533	0.00806257749677961	3.73821524138255
"AT4G36430"	0.0994097801918666	4.52792022735959e-05	0.00250789972740471	12	0.128205128205128	0.0287953480132616	2.15454630761466
"AT5G45080"	0.0992515177945976	9.49029224648346e-05	0.00481247589931475	10.9285714285714	0.130699237965674	0.0314477201710763	2.05522339299035
"AT4G17280"	0.0973446246186372	4.47898003570479e-05	0.00248998112355292	12.4285714285714	0.125207069321219	0.0278624447025819	2.16792226728653
"AT3G12145"	0.0971964908330336	3.06161714184183e-05	0.0017811966394979	13.0714285714286	0.123774281796319	0.0265777909632853	2.21941847421733
"AT3G57157"	0.0968034886714952	3.14981891680333e-08	2.67622917477296e-06	27.8571428571429	0.110198755879229	0.013395267207734	3.04031267093062
"AT3G17998"	0.0958794344147551	1.26067889016923e-06	9.05396657485175e-05	19.3571428571429	0.114392191324695	0.0185127569099398	2.62739691208
"AT2G22122"	0.0956522683965677	3.42588485247042e-07	2.63705290438877e-05	22.3571428571429	0.11191452241172	0.0162622540151528	2.78279811767259
"ATCG00270"	0.0950788047794272	5.75206549058294e-13	7.99430583459721e-11	100.071428571429	0.100064143028254	0.00498533824882678	4.32708988844479
"AT4G08770"	0.0935704012381686	1.19734315791042e-05	0.000748838366676478	15.6428571428571	0.116065457029991	0.0224950557918221	2.36725881636799
"AT3G29590"	0.0926944384943782	5.6208210965969e-05	0.00303191241186132	13.0714285714286	0.119272229457663	0.0265777909632853	2.1659650709095
"AT2G35736"	0.0926124181169428	4.82585058979579e-05	0.00264365026835163	13.3571428571429	0.118658944075742	0.026046525958799	2.1876579834438
"AT2G19590"	0.0923362802103207	4.26575514439476e-05	0.00239808931525713	13.6428571428571	0.117873793101994	0.0255375128916734	2.20655306700261
"AT5G17220"	0.0916738574435519	1.61470836701483e-11	1.99084145344061e-09	75.2857142857143	0.0977272532133566	0.00605339576980467	4.0129443605212
"AT5G54510"	0.0913495972523439	7.85655918322803e-07	5.83796798714122e-05	22.4285714285714	0.107565605719689	0.0162160084673452	2.72972619515767
"AT5G65390"	0.0897543556406619	2.05077621551197e-10	2.15259797166676e-08	59.2857142857143	0.0969715376799134	0.00721718203925145	3.74805381148789
"AT1G73120"	0.0893464886883684	3.21143112103073e-12	4.15548113160959e-10	107.428571428571	0.0941096519483233	0.00476316325995483	4.30435079050013
"AT3G25770"	0.0883323557896364	3.39729373521891e-08	2.86479657110314e-06	34.3571428571429	0.0995227903911736	0.0111904346015372	3.15276086872847
"AT5G63660"	0.0878943496118806	1.86179927030850e-09	1.76870930679307e-07	48.7142857142857	0.0962998783450964	0.00840552873321577	3.51812349820813
"AT5G64120"	0.0873410356030904	1.18394916093223e-09	1.16150829448319e-07	52.5	0.0952660038374324	0.00792496823434198	3.5874844152213
"AT3G09220"	0.087240665980973	0.000157911924084986	0.00769564279388194	12.5	0.114953846153846	0.0277131801728731	2.05241055777067
"AT2G28790"	0.0869083047244234	5.17245513087516e-09	4.73405801917294e-07	44.6428571428571	0.0959216246153846	0.0090133198909612	3.41172559446696
"AT1G67148"	0.0858804643812727	1.08698327139223e-06	7.95883848955968e-05	24.5714285714286	0.100834130715147	0.0149536663338748	2.75341289804304
"AT3G12580"	0.0852431256597293	1.28782540187444e-11	1.62017314379407e-09	110.785714285714	0.0899147128210053	0.00467158716127593	4.26657251373396
"AT3G45140"	0.0850919501599752	5.93273796756222e-09	5.33235909539574e-07	46.7857142857143	0.0937721936591466	0.00868024349917142	3.4333527636899
"AT5G38020"	0.0842509505259017	1.4851353398404e-05	0.000917361376584546	18.4285714285714	0.103608788303218	0.019357837777316	2.42015665922333
"AT3G58550"	0.0841111623587685	1.17364911123019e-07	9.52241792408927e-06	33.6428571428571	0.0955022186715156	0.0113910563127471	3.067632712779
"AT1G11600"	0.0835283354329515	2.62573204037331e-05	0.00155779596545468	17.3571428571429	0.103973622949389	0.0204452875164373	2.34637732138349
"AT5G53450"	0.0832742123103474	1.56613011448314e-09	1.51662019473497e-07	59.6428571428571	0.0904586037505827	0.00718439144023528	3.65431986550548
"AT3G07720"	0.0822185189991643	4.80159245697109e-11	5.54399252147201e-09	107.642857142857	0.0869756663110307	0.00475714731186644	4.19244321999694
"AT4G08950"	0.0821112432841919	4.51538806345297e-11	5.25395153739761e-09	109.642857142857	0.0868133756979262	0.0047021324137343	4.20653027033673
"ATCG00280"	0.0819371487484239	7.41562367068127e-11	8.43246297703984e-09	101.571428571429	0.0868745770737973	0.00493742832537334	4.13710233892819
"AT3G15450"	0.0809318677837744	1.6282053483252e-10	1.73328810484831e-08	94.5714285714286	0.0861058784955062	0.00517401071173179	4.05675678862171
"AT3G62450"	0.0801015033031573	1.68030267255759e-07	1.34873492594061e-05	36.5	0.0907371855016817	0.0106356821985243	3.09278133643698
"AT1G74770"	0.0799867883187228	2.40153835336931e-05	0.00144188362736294	19.0714285714286	0.0987508052272602	0.0187640169085374	2.39582380617191
"AT2G38530"	0.0799135931459072	1.61813895616092e-11	1.99084145344061e-09	162.428571428571	0.0836534720314421	0.00373987888553489	4.48336196557531
"AT1G75240"	0.0795773517705117	7.93739725676312e-05	0.00410828733875912	16.2142857142857	0.101340992450853	0.0217636406803412	2.21922604282318
"AT3G16660"	0.0795362603226431	4.29597024620421e-10	4.32768546278692e-08	87.4285714285714	0.0849907333471347	0.00545447302449166	3.96179382622755
"ATCG00820"	0.0787016148529591	5.10801609421296e-06	0.000337759125877254	24.3571428571429	0.0937715203158397	0.0150699054628805	2.63747945659635
"AT5G28640"	0.0786461020002394	6.86646210155129e-05	0.00356628360360847	16.9285714285714	0.0995649119347245	0.0209188099344851	2.25083662659904
"AT4G02270"	0.0782143870012497	5.17551063405897e-06	0.000340721116742215	24.6428571428571	0.093129756192138	0.0149153691908883	2.6424425133878
"AT3G47510"	0.0781988063012365	1.03352347231578e-05	0.000660135630615312	22.4285714285714	0.0944148147685817	0.0162160084673452	2.54159450553272
"AT5G01600"	0.0776480934154217	5.13690201486838e-11	5.88587017123469e-09	153.5	0.0815042314262465	0.00385613801082478	4.40164636964694
"AT2G01530"	0.0774963316355265	1.18441140228853e-08	1.03360553188086e-06	58	0.0848349035031556	0.00733857186762904	3.53108671494474
"ATCG00520"	0.0770554722988752	2.9458992025333e-05	0.00172726355586034	19.9285714285714	0.09508732297494	0.0180318506760649	2.39870554051848
"AT1G70850"	0.0769641761414438	1.40361722245075e-10	1.51570464093423e-08	129.785714285714	0.0812067617881601	0.00424258564671631	4.25858417090105
"AT1G11080"	0.0769606901331724	3.94540515747943e-05	0.00226032562647963	19.1428571428571	0.0956611888890793	0.0187004987559069	2.35485697307555
"AT1G74460"	0.0766680948736899	3.1550102949085e-05	0.00182844419021531	19.9285714285714	0.0946999455497548	0.0180318506760649	2.39281612263791
"AT1G19960"	0.0763896102803333	0.000144542646503876	0.00713679317112886	15.9285714285714	0.0985123987396303	0.0221227884592971	2.15477207210598
"AT3G03190"	0.0749360729208334	1.62362386257886e-06	0.000115500446337956	31.9285714285714	0.0868452449011883	0.011909171980355	2.86637374905997
"AT2G29300"	0.073918223078229	0.000140506924456774	0.00696042553167053	17	0.0947564546180463	0.0208382315398173	2.18499137324081
"AT2G07732"	0.0739078735001255	3.50989803887813e-09	3.25207219528153e-07	85.8571428571429	0.0794303108028707	0.00552243730274515	3.84631260882853
"ATCG00720"	0.0738561024824916	3.6162953853669e-08	3.01558854079762e-06	58.1428571428571	0.0811809214757618	0.00732481899327013	3.47027570196737
"AT2G37130"	0.0736239706647027	2.27516687489882e-07	1.80689178794874e-05	44.4285714285714	0.0826723653203942	0.00904839465569147	3.19167140346082
"AT2G22510"	0.0735958729663781	1.71585931155738e-05	0.00104695318156407	23.7142857142857	0.0890271000591802	0.0154312270928021	2.52839177297375
"AT2G05510"	0.0732595223564065	4.68252824239457e-05	0.00258399812199788	20.5714285714286	0.0907822886989553	0.0175227663425488	2.37318030719297
"ATCG00330"	0.0722702315419732	2.3720748698608e-09	2.23929835198809e-07	103.928571428571	0.0771351670023155	0.00486493546034232	3.98689618395501
"ATCG00020"	0.0716098352343402	1.33758448761512e-10	1.45486544631181e-08	242.857142857143	0.0746877828054299	0.00307794757108963	4.60083170824011
"AT3G23730"	0.06973681868346	9.71994129628229e-09	8.58213640336454e-07	93.8571428571429	0.0749369546517229	0.00520013596826285	3.84905609836393
"ATCG00490"	0.0694748586086975	3.48778994574417e-09	3.25166006742981e-07	120.285714285714	0.0739150040383953	0.00444014542969789	4.05718841180705
"AT1G73330"	0.0692613397269673	9.42054989572227e-10	9.30279302202575e-08	174.785714285714	0.0728599109906864	0.00359857126371911	4.33962909868933
"AT2G06925"	0.0691225779870726	6.14320150468251e-05	0.00326983881508101	22.2142857142857	0.0854782152949045	0.0163556373078319	2.38576881014291
"AT2G22330"	0.0688248221906176	6.59792874269094e-06	0.000428722555964463	32.0714285714286	0.0806887023225236	0.011863880131906	2.76579076128272
"AT5G15970"	0.0687584072462867	4.47206194298388e-09	4.11813802234283e-07	120.928571428571	0.0731842048078007	0.004425797561514	4.04752294021269
"AT5G44580"	0.0682603033334028	1.39355871286995e-09	1.35826729092064e-07	175.5	0.0718513148931733	0.00359101155977052	4.32255235624649
"AT1G25098"	0.0681099584564858	8.96223481949843e-06	0.000577352552105886	31.3571428571429	0.080204424650541	0.0120944661940553	2.72933473287986
"AT1G08115"	0.067510901794339	1.102875163006e-05	0.000695552781374793	31	0.0797246458016489	0.0122137440073099	2.7065202703331
"AT3G21510"	0.0673414164398207	8.02412214451209e-09	7.16917103506705e-07	119.428571428571	0.0718009326357349	0.00445951619591426	4.00904347498755
"AT4G11650"	0.0672780805886312	2.00224755986245e-06	0.000139784818016443	41.3571428571429	0.0768691547504402	0.00959107416180898	3.00264049928668
"AT3G53980"	0.0671109211339446	2.66312359387122e-07	2.09285262534068e-05	58.9285714285714	0.0743612912340185	0.00725037010007387	3.35842527643841
"AT1G62510"	0.0669222565615895	8.94419538433056e-10	8.89088561051666e-08	251.357142857143	0.0699549984854677	0.00303274192387818	4.52773250596559
"AT5G25090"	0.0661352567013515	1.68307211410035e-05	0.00103113928296515	30.4285714285714	0.0785456691030982	0.0124104124017467	2.66198067209598
"AT5G22580"	0.0659831399456379	4.38893652587868e-06	0.000291495297581589	38.3571428571429	0.0761881744997129	0.010205034554075	2.9002860207585
"AT4G12545"	0.0654497252224934	1.62158105411203e-05	0.00099753818123859	31.4285714285714	0.0775206611570248	0.0120709359345314	2.68304333371634
"AT4G11320"	0.0649174880954534	1.08702915557757e-08	9.54170036562532e-07	140.857142857143	0.0689634600430366	0.00404597194758313	4.09127393707752
"ATCG00680"	0.0645516659153217	1.57675257017598e-06	0.000112700267039721	49	0.0729183353090059	0.0083666693936842	3.12355629202534
"AT4G39950"	0.0645202362420821	1.43724074773699e-05	0.000891445604278191	33.2857142857143	0.076014832300636	0.0114945960585539	2.72532518215416
"AT1G13590"	0.0634016991113983	2.16091996453338e-05	0.00130787938175992	32.4285714285714	0.0751540954533444	0.0117523963419461	2.67689676884182
"ATCG00780"	0.0627317765954356	5.9203759432469e-05	0.00316244992555644	27.7857142857143	0.0761570029682189	0.0134252263727833	2.50403029013088
"AT3G22120"	0.0625538072329849	1.28048462944008e-08	1.11098695305755e-06	179.928571428571	0.0660992883074495	0.0035454810744646	4.22058143796363
"AT4G14090"	0.0618449864812185	8.9296392214222e-05	0.00455897567052882	26.6428571428571	0.0757714063926284	0.0139264199114099	2.44382909647404
"ATCG00730"	0.0617707611091295	1.70188578230146e-06	0.000119931012170633	56.2142857142857	0.0692871417399122	0.00751638063078273	3.20447761080874
"AT5G25980"	0.0610664192430621	8.60936710811444e-09	7.64654439602354e-07	276.071428571429	0.0639835362995578	0.00291711705649572	4.45508554662586
"AT3G54040"	0.0609545000684405	3.45662677370129e-08	2.89854569124337e-06	158.571428571429	0.0647429966348885	0.00378849656644801	4.0950267968748
"AT5G62210"	0.0608566686311515	3.12314380690459e-07	2.4164117804968e-05	86.3571428571429	0.0663572126360519	0.00550054400490035	3.59260707289212
"AT3G16530"	0.0608267748548117	6.33468870037124e-06	0.000413407293011184	45.7857142857143	0.0696585741744802	0.00883179931966859	2.97952164702959
"AT5G14330"	0.0606123509406995	7.46301961007667e-07	5.57313056453984e-05	72	0.0668625356125356	0.00625018467183609	3.4192273447041
"AT5G19120"	0.0602641390475736	0.000130037344489353	0.00650620180261731	26.3571428571429	0.0743226485840009	0.0140585095364274	2.40235826494427
"AT2G29995"	0.059542910912654	5.63560001938246e-05	0.00303191241186132	31.9285714285714	0.071452082893009	0.011909171980355	2.58490295866144
"AT1G06360"	0.0592430915096843	2.91355893278222e-06	0.000198784179913914	58.7142857142857	0.0665135682451469	0.00727047673546264	3.19352679716697
"AT5G22920"	0.0589149901254371	0.000127451541673262	0.00639815264386511	27.9285714285714	0.0722804514119328	0.0133654612864957	2.435095885629
"AT2G23130"	0.0587483006877432	1.76087304293304e-07	1.40588853055452e-05	123	0.0631288864483392	0.00438058576059593	3.84910460185529
"AT2G38390"	0.0579695527800791	2.74985123074334e-05	0.00162501051076604	39.6428571428571	0.0679000830352182	0.00993053025513906	2.77347067901941
"ATCG00120"	0.0579438851840668	4.81459033527809e-05	0.00264365026835163	35.4285714285714	0.0688485551909069	0.0109046700068401	2.65848026693174
"AT1G76930"	0.0574304399759194	1.2030967481147e-06	8.6819625909623e-05	82.2142857142857	0.0631204233692457	0.0056899833933263	3.47161053498028
"AT3G63160"	0.0573598020235538	2.94520247079433e-08	2.52614223352131e-06	334.571428571429	0.0600713009377861	0.00271149891423233	4.46951341024934
"AT1G52100"	0.056606717836426	7.57271578455398e-06	0.000489941654854118	56.4285714285714	0.0641011672192573	0.00749444938283122	3.09645623476211
"AT2G39310"	0.0552584368786952	2.92901701970383e-06	0.000198934594867667	78.5	0.061135262157616	0.00587682527892076	3.37889583900411
"AT2G27385"	0.0551540459550255	6.80433578925665e-07	5.10665400983712e-05	121.5	0.0595672173175602	0.00441317136253475	3.75463089209425
"AT5G14780"	0.0547599183752921	0.000138601251633341	0.00688875757290216	33.0714285714286	0.0663177116955415	0.0115577933202494	2.52052825066967
"AT4G04745"	0.0545924677945629	0.000188848216597703	0.00908529401003695	31.1428571428571	0.0667581723890115	0.0121657045944486	2.45612458069879
"AT1G49310"	0.0544944557706531	3.01331544864114e-05	0.00175991692156045	47.1428571428571	0.0631221303948577	0.00862767462420459	2.87110222342709
"AT3G22620"	0.0538659791545758	1.65671826879432e-06	0.000117298779314164	105.714285714286	0.0586781480024723	0.00481216884789652	3.60806416808916
"AT3G49120"	0.0523960587573887	4.00974113393682e-05	0.00227117790265629	50.3571428571429	0.0605841681079345	0.00818810935054586	2.88733856249074
"AT1G18590"	0.0517247524443448	5.86597728975402e-05	0.00314458282568599	47.9285714285714	0.060239533255096	0.00851478081075126	2.8226692944961
"AT5G10580"	0.0517067613901178	2.09669668355117e-05	0.00127414644615802	62.4285714285714	0.0586482622834072	0.00694150089328941	3.07876882103055
"AT4G27440"	0.0516165968636474	6.69461139998218e-05	0.00352582867065728	46.7142857142857	0.0603074505944635	0.0086908537308161	2.79476643901579
"AT1G62560"	0.0507553190702235	0.000132396324007633	0.00660222200450024	41.6428571428571	0.0602925344179106	0.00953721534768714	2.66033937651144
"AT5G53250"	0.0504723863678874	5.57149419436742e-05	0.00301906598763375	52.9285714285714	0.0583472832157452	0.00787489684785784	2.8893325512023
"AT4G26320"	0.0497798410433807	4.45976758044475e-05	0.0024885171517649	59.2142857142857	0.0570036286677174	0.00722378762433673	2.98022637546995
"AT1G62380"	0.0496986835550526	7.98494976916864e-07	5.90414266183356e-05	308.214285714286	0.0524931623093872	0.00279447875433463	4.23147839971414
"AT4G25100"	0.0495796257532518	3.01035983474307e-07	2.34121767458515e-05	1113.42857142857	0.0516123549270383	0.00203272917378652	4.66622653946427
"AT5G04950"	0.0486475390716405	2.30493086028627e-06	0.000159433236004133	203.571428571429	0.0519834647347113	0.00333592566307078	3.96189374806049
"AT3G50740"	0.0463572120102475	2.61113850074102e-05	0.00155528527365566	98.5714285714286	0.0513919183106329	0.00503470630038533	3.35156197857459
"AT5G64100"	0.0463421533031565	1.07765168223528e-05	0.000685404735184388	143.5	0.0503456770984603	0.00400352379530379	3.65252562127382
"AT5G01870"	0.0462777548683579	2.35828721067977e-05	0.00142160204949009	103.571428571429	0.0511534619957926	0.0048757071274347	3.39114850860142
"AT4G12030"	0.0458944596043899	6.7824397881e-05	0.00354719237698192	73.8571428571429	0.0520312643445283	0.0061368047401384	3.08381917892809
"AT3G09440"	0.0457537995080181	4.30974278931018e-06	0.000287507730077981	285.357142857143	0.0486326498669211	0.00287885035890303	4.07836049697943
"AT5G64770"	0.0445621347781882	4.36433992381247e-05	0.00244435605434422	101.714285714286	0.0494950739514242	0.00493293917323595	3.32676554355162
"AT4G39940"	0.044295481789149	6.84725687585264e-05	0.00356628360360847	88	0.0497258423394787	0.00543036055032971	3.19487591557838
"AT5G23010"	0.0442168198605233	3.73815583564197e-05	0.00214979766639793	114.142857142857	0.0488022177524544	0.00458539789193108	3.41182787830392
"AT1G28290"	0.0439628352751786	3.67676383861149e-05	0.00212262404682917	119.571428571429	0.0484191037241486	0.00445626844896998	3.44166832471435
"AT1G29418"	0.0428508091310731	6.2348925503275e-05	0.0033069165081419	111.5	0.047503623485445	0.00465281435437186	3.35186203331611
"AT3G54400"	0.0426995237583292	4.1626300340103e-05	0.00234891266204867	139.5	0.0467679184293822	0.00406839467105298	3.52298767241649
"AT2G42840"	0.0425956958568181	1.17093816490721e-05	0.000735388362144653	362.071428571429	0.0452334951141926	0.00263779925737451	4.0999847933855
"ATMG00020"	0.0425246181477133	3.97149515078965e-05	0.00226662137693356	147.928571428571	0.0464604128019796	0.00393579465426629	3.56127511585179
"AT4G16260"	0.0419937775381618	0.000160570026860762	0.00779985793909399	83.4285714285714	0.0476262865020137	0.00563250896385183	3.07990845428868
"AT3G58990"	0.0400616229418885	0.00019284191739255	0.00924778651777053	100.642857142857	0.0450285413965619	0.00496691845467333	3.18041677904924
"AT2G43100"	0.0399735805071233	9.57043633927901e-05	0.00483677607584438	149.428571428571	0.0438873448097333	0.00391376430260997	3.48717620886751
"AT2G46650"	0.0399333306545547	0.000157200510671807	0.00768592724815576	113.857142857143	0.0445258659263813	0.00459253527182664	3.27728096196991
"AT2G05520"	0.0398768956186208	5.31228393366723e-05	0.00288903557407047	233.357142857143	0.0430092643132129	0.00313236869459213	3.77932151399054
"AT4G34710"	0.0398298837036241	4.00740966394197e-05	0.00227117790265629	309.785714285714	0.0426190193201867	0.00278913561656261	3.93360740697865
"AT1G78370"	0.0377269375147435	6.63522327923882e-05	0.00350685568385122	468.5	0.040161046513207	0.00243410899846354	4.04433118546668
"ATCG00920"	0.0346326222677397	0.000155084890713919	0.00760726865887557	1318.78571428571	0.0366199479662283	0.00198732569848851	4.20372950396094
