"Gene"	"effect.size"	"p.value"	"q.value"	"Mean"	"CV2"	"TechNoise"	"BioVar"
"AT1G43800"	4.18523320430944	0	0	14.2857142857143	4.24221538461538	0.056982180305945	6.21816323614954
"AT4G10270"	1.99809404720142	0	0	10.5	2.07465550322693	0.0765614560255147	4.76010971957489
"AT2G24940"	1.98277380913572	0	0	7.5	2.08888888888889	0.106115079753167	4.29903416156766
"AT4G19112"	1.87814094632324	0	0	10.1428571428571	1.95730395373323	0.0791630074099912	4.62789758065498
"AT2G41240"	1.39575872535872	0	0	26.3571428571429	1.42786960911093	0.0321108837522163	5.47465805912714
"AT3G02550"	1.2722340221205	0	0	8.64285714285714	1.36467139171872	0.0924373695982206	3.88393357962819
"AT1G07901"	1.23854876423839	0	0	11.2142857142857	1.31040422922447	0.0718554649860796	4.18877022265426
"ATCG00070"	1.16177504107753	0	0	17.7142857142857	1.20824661810614	0.0464715770286105	4.70042254240753
"AT1G55010"	1.15215649991303	0	0	9.64285714285714	1.23528542787802	0.0831289279649931	3.8933500159314
"AT4G31940"	1.08789655959385	0	0	11.3571428571429	1.15888186019905	0.0709853006052029	4.02906938391068
"AT3G18217"	1.05870062976016	0	0	9.07142857142857	1.14689737071782	0.0881967409576614	3.70086714202137
"AT4G33560"	1.03053249940418	0	0	18.7142857142857	1.07466392939267	0.0441314299884915	4.60593526259329
"AT5G04150"	1.02703625566648	0	0	8.14285714285714	1.12498520254753	0.0979489468810528	3.52173223377093
"AT2G14247"	0.952584152502017	0	0	73.8571428571429	0.965765375823403	0.0131812233213857	6.19511656645818
"AT1G25472"	0.871181508784002	9.10382880192628e-15	1.1659021087509e-12	6.35714285714286	0.995892127062434	0.124710618278432	2.9974051747981
"AT4G22505"	0.861174800446322	0	0	27.8571428571429	0.89170080412684	0.0305260036805176	4.86844908197173
"AT1G77120"	0.860624624321075	0	0	10.7857142857143	0.935228886722242	0.0746042624011669	3.64798952741724
"AT5G45428"	0.835127177015812	0	0	27.3571428571429	0.866162163069225	0.031034986053413	4.80266974921024
"AT5G27889"	0.832964277986871	0	0	11.7142857142857	0.901867020546378	0.0689027425595072	3.71028141184887
"AT1G13609"	0.819140016134913	0	0	38.9285714285714	0.841745773795264	0.022605757660351	5.21862239532789
"AT1G25470"	0.810070499216684	0	0	11.5714285714286	0.879790838638575	0.0697203394218915	3.65750908026526
"AT5G07840"	0.803734660322225	9.99200722162641e-16	1.40998324127395e-13	7.42857142857143	0.910844333181611	0.107109672859386	3.08811574007091
"AT4G27450"	0.803002681605826	0	0	33.7857142857143	0.828641931842679	0.0256392502368534	5.01432284773044
"AT5G47990"	0.78953601960729	0	0	23.7142857142857	0.82492714137365	0.0353911217663603	4.54280730865888
"AT3G13857"	0.78579564225264	0	0	14.9285714285714	0.840439339054298	0.0546436968016576	3.94301669839646
"AT5G15120"	0.759337958584935	5.93969318174459e-14	7.18420032458631e-12	7	0.872841444270016	0.11350348568508	2.94298300208189
"AT4G12490"	0.75845707218896	0	0	13.1428571428571	0.820161407590519	0.061704335401559	3.73246409666246
"AT5G03545"	0.758297403651262	0	0	31.9285714285714	0.785272242684071	0.0269748390328092	4.8635066466684
"AT4G22520"	0.749491136161708	0	0	54.6428571428571	0.766365861913728	0.0168747257520205	5.50509733626214
"AT1G47400"	0.746637020750147	0	0	47.6428571428571	0.765597710889683	0.0189606901395353	5.33550313406993
"AT5G13220"	0.740746326548486	4.77395900588817e-15	6.32653349997702e-13	7.78571428571429	0.843065528024707	0.102319201476221	3.04256786005683
"AT3G56980"	0.712531783702618	0	0	28.5	0.74242962331605	0.0298978396134318	4.63414113020296
"AT2G16005"	0.704097338048381	0	0	10.5714285714286	0.780159577456875	0.0760622394084936	3.35851692946013
"AT1G31258"	0.690523294978662	0	0	38	0.713616023865331	0.0230927288866697	4.94963743781365
"AT5G58570"	0.663263973540209	0	0	14.2857142857143	0.720246153846154	0.056982180305945	3.65990732174597
"AT3G18000"	0.656935077342533	0	0	15.3571428571429	0.71012855181595	0.0531934744734174	3.73875903512769
"AT3G56970"	0.653582520974036	0	0	21.5714285714286	0.692223350527811	0.0386408295537752	4.16303963639004
"AT5G09672"	0.643897991044617	0	0	11	0.717101080737444	0.073203089692827	3.29220004493637
"AT5G45430"	0.638760060239354	0	0	21.0714285714286	0.678254259386118	0.0394941991467641	4.10211352963821
"ATCG00350"	0.635607442081072	0	0	38.2857142857143	0.658547817742516	0.0229403756614437	4.84332727805908
"ATCG00340"	0.622813497408634	0	0	44.9285714285714	0.642757915927279	0.0199444185186447	5.01021850552944
"AT4G35770"	0.611632473504501	0	0	67.9285714285714	0.625730434585135	0.0140979610806341	5.47198284338149
"AT3G20395"	0.610957898211134	2.77589062847028e-12	3.02175522699193e-10	7.85714285714286	0.712371265098538	0.101413366887404	2.81238150296383
"AT2G36854"	0.594857457349151	6.66133814775094e-16	9.48773769829199e-14	10.6428571428571	0.670427181034811	0.0755697236856606	3.14920038838242
"AT4G22485"	0.571635512289566	0	0	15.9285714285714	0.623016750789278	0.0513812384997122	3.59995738223562
"AT4G22517"	0.547795586814009	0	0	98	0.558389132733156	0.0105935459191475	5.72001338372642
"AT5G48000"	0.544888978500304	0	0	28.1428571428571	0.575132255206465	0.0302432767061609	4.24920738896801
"AT4G12550"	0.539651299694105	0	0	21.3571428571429	0.57865296636675	0.0390016666726453	3.89109070319966
"AT1G01580"	0.539418927933989	0	0	18.7142857142857	0.583550357922481	0.0441314299884915	3.72497875901357
"AT4G39675"	0.534828663102223	2.53643428482775e-09	2.17164373599859e-07	6.85714285714286	0.650641025641026	0.115812362538803	2.49007252933512
"AT4G22513"	0.530005901257186	0	0	129.714285714286	0.538664001003169	0.00865809974598276	5.95919142137342
"AT1G47395"	0.523067354757126	0	0	74.8571428571429	0.536108259784036	0.0130409050269105	5.36140846290211
"AT4G22490"	0.515199567406464	0	0	144.928571428571	0.523229825975791	0.00803025856932694	6.02585452937125
"AT5G10380"	0.500504131963769	1.21571382294405e-07	8.09060203566261e-06	6	0.632478632478632	0.131974500514863	2.26075753509556
"AT1G14960"	0.498067299167977	0	0	20.0714285714286	0.539395787404298	0.0413284882363205	3.70613575726027
"ATCG00330"	0.496941277566886	0	0	41.4285714285714	0.518344461721394	0.0214031841545081	4.59801380057986
"AT3G44006"	0.488667316883686	8.07198752283966e-12	8.48393723090183e-10	9.78571428571429	0.570621769939794	0.0819544530561083	2.79964054212966
"AT4G22510"	0.48211072185689	3.10394987490525e-09	2.59913165349209e-07	7.64285714285714	0.586292386973669	0.104181665116779	2.49251892269209
"AT1G53885"	0.468947560153922	1.72158341948947e-06	9.82194833025107e-05	5.42857142857143	0.61453228212231	0.145584721968387	2.07762983571269
"AT1G52060"	0.459359677121526	1.11022302462516e-16	1.64269892187256e-14	15.5714285714286	0.511857976212829	0.0524982990913023	3.28540097890744
"AT2G01520"	0.456367549258008	0	0	99.2142857142857	0.466864209261664	0.0104966600036565	5.47500074687025
"AT5G48010"	0.452837146971509	0	0	20.5714285714286	0.493226198955366	0.0403890519838567	3.61021324570828
"AT2G43018"	0.450654310465749	9.22308116990678e-07	5.36487622249539e-05	5.92857142857143	0.584186607412039	0.133532296946291	2.12924056123741
"AT5G51720"	0.449866879736683	0	0	37.0714285714286	0.473470975325364	0.0236040955886808	4.32616687743785
"AT5G38930"	0.448157250801894	1.10631503957848e-11	1.13155981229369e-09	10.7142857142857	0.523241025641026	0.0750837748391321	2.8009025736922
"ATCG00270"	0.405002990747397	0	0	29.7857142857143	0.433725847213762	0.028722856466365	3.91651228457865
"AT5G53450"	0.398060279132176	0	0	98.0714285714286	0.40864805946559	0.0105877803334136	5.27038681013362
"ATCG01060"	0.395013148539041	9.96309434952991e-09	7.59187789434179e-07	9.07142857142857	0.483209889496702	0.0881967409576614	2.45385273005674
"AT1G52070"	0.388624914669476	0	0	41.5	0.409995868552989	0.0213709538835131	4.26188616342014
"AT4G22230"	0.38704783276269	3.34548005075375e-05	0.00146931169952412	5.28571428571429	0.536494914873293	0.149447082110604	1.84392976727349
"AT4G08555"	0.386797167931056	1.11022302462516e-15	1.53816353593522e-13	18	0.432573599240266	0.0457764313092101	3.24026871652481
"AT3G28220"	0.385651711310767	2.66797695047671e-12	2.92517760613418e-10	13.6428571428571	0.445192755765383	0.0595410444546154	2.90247368283052
"AT5G08760"	0.383487039326567	0	0	21.7857142857143	0.421774130196597	0.0382870908700303	3.46154065856106
"AT3G14981"	0.382805343786801	9.05466236100771e-07	5.28709020619761e-05	7.14285714285714	0.494092307692308	0.111286963905506	2.15049598920639
"ATCG01020"	0.376074101260401	0	0	23.5714285714286	0.411663488027124	0.0355893867667238	3.53194651692164
"ATCG00905"	0.374088305068165	1.82522394975848e-08	1.33732754780381e-06	9.35714285714286	0.459673768338764	0.0855854632705995	2.42517265978004
"ATCG00580"	0.372425815948958	4.10782519111308e-14	5.04864967036801e-12	16.7142857142857	0.421517557612232	0.0490917416632736	3.10204046921805
"AT2G16060"	0.366987276793799	0	0	34.2857142857143	0.392291666666667	0.0253043898728674	3.95446709468772
"AT1G72900"	0.357943539277098	3.26399018923951e-10	2.99657894481988e-08	12.1428571428571	0.424508916688847	0.0665653774117499	2.67295096764276
"AT5G09670"	0.355650483190128	1.67199587508549e-13	1.9303952375987e-11	16.8571428571429	0.404348882946987	0.0486983997568593	3.05365435504212
"AT4G19690"	0.350129923764839	0	0	91.4285714285714	0.361292442908654	0.011162519143815	5.0164325237886
"AT1G66800"	0.345603895646136	3.81654285842581e-05	0.00165709724109428	5.92857142857143	0.479136192592427	0.133532296946291	1.84324707143481
"ATCG00730"	0.334984866482663	2.1538326677728e-14	2.71276114519484e-12	19.7142857142857	0.377013555652497	0.0420286891698338	3.16517003084605
"AT3G12820"	0.334620514448786	2.98990874803007e-06	0.00016101134035328	7.64285714285714	0.438802179565565	0.104181665116779	2.07446929102033
"AT2G36030"	0.332580814168379	4.70468272906199e-06	0.000248956127746197	7.42857142857143	0.439690487027765	0.107109672859386	2.03739954643741
"AT3G05727"	0.318411986906911	0	0	275.571428571429	0.323904561612235	0.00549257470532394	5.88194238872011
"AT3G29250"	0.318152753628542	0	0	31.6428571428571	0.345346982659784	0.0271942290312419	3.66667418826054
"AT5G37990"	0.312739442263067	0	0	28.5714285714286	0.342569230769231	0.0298297885061642	3.52156992171048
"AT5G47240"	0.309278225137436	2.28636004129257e-07	1.45791326482421e-05	10.0714285714286	0.388983683687169	0.0797054585497331	2.28695920692347
"ATCG00280"	0.307840423112349	0	0	36.1428571428571	0.331982161162433	0.0241417380500837	3.7815042716883
"AT5G24780"	0.306694742770978	6.17377149403353e-10	5.63402859695036e-08	14.2857142857143	0.363676923076923	0.056982180305945	2.67407465367256
"AT3G60420"	0.300412990063263	4.56610305121785e-11	4.48951035487484e-09	16.6428571428571	0.349703934923777	0.0492909448605135	2.8267394880808
"AT4G33610"	0.298807191167054	2.83532086697846e-10	2.63477378126535e-08	15.3571428571429	0.352000665640471	0.0531934744734174	2.72625697841505
"AT2G23540"	0.298057305238407	0	0	35.7142857142857	0.322456615384615	0.0243993101462081	3.7241928041297
"AT4G12545"	0.296676807375658	0	0	42.3571428571429	0.317669476796902	0.020992669421244	3.91956893961368
"AT4G27410"	0.295723255299513	5.96354237669683e-06	0.00030913056401653	8.35714285714286	0.391229341919677	0.0955060866201638	2.03434999103317
"ATCG00540"	0.29463637935554	1.16848311835227e-05	0.000559990022757503	7.92857142857143	0.395160232998071	0.10052385364253	1.97489988444718
"AT5G64110"	0.294286834100834	1.22325682139213e-07	8.10540606870261e-06	11.1428571428571	0.366585748242553	0.0722989141417187	2.34210481470272
"AT2G19590"	0.290442868849147	4.63504282399718e-07	2.83686958384406e-05	10.3571428571429	0.368023415348029	0.0775805464988821	2.24603071635703
"AT5G01600"	0.288875342861571	0	0	113.642857142857	0.2983792365635	0.0095038937019286	4.97248463532082
"AT4G28940"	0.284770400642692	4.5085046807003e-12	4.87302208041649e-10	19.8571428571429	0.326515986989047	0.0417455863463558	2.96745805291595
"AT1G02850"	0.28103232536054	1.11022302462516e-16	1.64269892187256e-14	31.2142857142857	0.308563169938576	0.0275308445780363	3.4864450982538
"AT5G26260"	0.280818984707143	0	0	52.2142857142857	0.298354051345007	0.017535066637864	4.08871054902498
"ATCG00120"	0.280250980465181	2.65031874224775e-09	2.24393653510309e-07	14.8571428571429	0.335144515248065	0.0548935347828849	2.61007517635595
"AT5G48485"	0.27886903753608	1.11022302462516e-16	1.64269892187256e-14	31	0.306571680140879	0.0277026426047989	3.46812892356404
"AT5G09480"	0.278120345414652	0	0	40	0.300192307692308	0.0220719622776554	3.76560020768567
"AT1G72416"	0.277943614327141	0	0	34.9285714285714	0.302831556473018	0.0248879421458769	3.6049966973332
"AT3G47340"	0.272212180303549	8.71010570091535e-06	0.000433797421182843	8.92857142857143	0.361777230769231	0.0895650504656818	2.01409382425203
"AT5G05600"	0.268450485971701	2.63757160556821e-09	2.24393653510309e-07	15.7142857142857	0.320495867768595	0.0520453817968939	2.62246369795713
"AT3G22231"	0.265319477683421	0	0	277.928571428571	0.27078817655375	0.00546869887032907	5.62982331415211
"AT3G27220"	0.263409848156755	6.10497092468076e-06	0.000314323503013969	9.57142857142857	0.34713916068338	0.0837293125266245	2.05170943962001
"AT1G77760"	0.262355560514855	0	0	175.285714285714	0.269458774955514	0.00710321444065906	5.24544871894672
"AT3G06390"	0.262306956074571	2.04310046658662e-09	1.75995876629371e-07	16.4285714285714	0.312205903737095	0.0498989476625239	2.64541652311986
"AT5G56080"	0.262152539575869	5.47941145012665e-06	0.000286962991408695	9.71428571428571	0.344689912163961	0.0825373725880915	2.06217965793743
"AT1G75040"	0.258976636760135	4.09240910432818e-05	0.00176680778328503	8.21428571428571	0.356097135378799	0.0971204986186643	1.87442309644467
"AT1G55990"	0.25893234321159	4.44723791126478e-09	3.66356247392839e-07	16	0.310096153846154	0.0511638106345634	2.59952000820765
"AT5G59330"	0.25773675915845	1.27985861713142e-05	0.000605746749226177	9.21428571428571	0.34460761880989	0.08687085965144	1.98801037871377
"AT5G37690"	0.256258717614751	1.06581410364015e-13	1.27897692436818e-11	27.1428571428571	0.287517579373535	0.0312588617587843	3.20131301689672
"AT4G20390"	0.25500184009242	0	0	38.8571428571429	0.277644230769231	0.0226423906768105	3.61613922115676
"AT4G36850"	0.254792803714307	0	0	38.9285714285714	0.277398561374658	0.022605757660351	3.61719812835955
"AT4G02380"	0.254128356262016	0	0	579.857142857143	0.25814363874321	0.00401528248119406	6.0065287498762
"AT2G30766"	0.25318073083478	0	0	194.642857142857	0.259843799731957	0.00666306889717698	5.2853140129185
"AT1G65490"	0.251006161029352	1.30240673801296e-09	1.147322467475e-07	17.8571428571429	0.297127384615385	0.0461212235860327	2.68757888366244
"ATMG00020"	0.250106871805961	0	0	71.7857142857143	0.26359119062171	0.0134843188157489	4.28894760717248
"AT5G54370"	0.249932291757198	6.50054454709448e-11	6.35053198062307e-09	21	0.289551718123147	0.0396194263659491	2.86954116014437
"AT1G73330"	0.244923255826467	0	0	152.071428571429	0.252702088286685	0.00777883246021734	5.02174014167784
"AT5G02690"	0.239533433289477	1.00533134628211e-05	0.00049106569606857	10.2857142857143	0.317634140550807	0.07810070726133	2.02395846903968
"AT3G25820"	0.236553647088919	0	0	67.5714285714286	0.250711970560537	0.0141583234716185	4.14630853419899
"AT3G25760"	0.234074289024969	0	0	75.5	0.247026952259179	0.0129526632342097	4.25334778769325
"AT3G22235"	0.229467738440586	0	0	81.5	0.241663940335324	0.0121962018947378	4.30849837573276
"AT2G38170"	0.227646442682728	0	0	111.857142857143	0.237259316221751	0.00961287353902223	4.62535317227614
"AT4G12480"	0.225663882508124	0	0	98.4285714285714	0.236222960433602	0.010559077925478	4.48359343728308
"AT3G18290"	0.224925794330651	0	0	52.8571428571429	0.242280159577457	0.0173543652468055	3.80330576349628
"AT1G05340"	0.223389545199837	2.1606329170254e-08	1.56057088414536e-06	17.7142857142857	0.269861122228448	0.0464715770286105	2.53779663955579
"AT3G48450"	0.223074538258611	1.89954287788119e-06	0.000106823001693392	12.9285714285714	0.285757220710366	0.0626826824517553	2.18865112876889
"AT2G46600"	0.222381381974537	0	0	88.2857142857143	0.233845960493147	0.0114645785186103	4.35030328547416
"AT2G43535"	0.222207443603221	0	0	117.571428571429	0.231483234428627	0.00927579082540674	4.64129361065385
"AT4G01870"	0.221060076911577	1.83197013114977e-10	1.72340893819275e-08	23.7142857142857	0.256451198677937	0.0353911217663603	2.85722491898418
"ATCG00720"	0.220344700912175	7.42918915275226e-09	5.86636490611111e-07	19.2857142857143	0.263247863247863	0.0429031623356883	2.61726592520012
"AT4G38080"	0.220301883982283	0	0	139.857142857143	0.228526245305578	0.00822436132329476	4.79631240393266
"AT1G49860"	0.219905650267126	0	0	92.3571428571429	0.230982858821856	0.0110772085547302	4.38211951896853
"AT3G20380"	0.218625978991192	0.000220673465162635	0.00830386076315694	8.35714285714286	0.314132065611355	0.0955060866201638	1.71770663186345
"ATCG00840"	0.217196523626659	1.03850344579381e-05	0.000505648323127723	11.5714285714286	0.28691686304855	0.0697203394218915	2.04098126442073
"AT4G30270"	0.213999864852153	0	0	125.714285714286	0.222848259694851	0.00884839484269728	4.65450211970973
"AT1G60960"	0.213030287864074	8.89079647369284e-05	0.00359405141270766	9.57142857142857	0.296759600390699	0.0837293125266245	1.82549001806466
"AT1G13420"	0.210539157893163	2.0558996870701e-05	0.000940898235163611	11.2857142857143	0.281956787004055	0.0714176291108917	1.98112192468019
"AT3G14620"	0.209215215720151	7.51521878061823e-09	5.9037079493104e-07	20.7142857142857	0.249344187322784	0.0401289716026328	2.6354224821683
"AT3G46700"	0.209003306589976	0.000243516791328724	0.00898594648874032	8.71428571428571	0.300704938705476	0.0917016321155007	1.7133292461795
"AT2G47200"	0.207852270121369	6.31576723475469e-06	0.000322973923400064	12.7857142857143	0.271205402693184	0.0633531325718153	2.09789805671013
"AT1G19020"	0.207447735618032	4.90711571377034e-08	3.38391146958642e-06	18.5714285714286	0.251898042785617	0.0444503071675846	2.50257461882365
"ATCG00680"	0.20491264551984	1.1972560054474e-08	8.90057635269189e-07	20.7142857142857	0.245041617122473	0.0401289716026328	2.61031070365267
"AT1G02920"	0.203735395476537	2.22044604925031e-16	3.25380747986296e-14	52.5	0.221189604046747	0.0174542085702097	3.66363673315943
"AT4G21870"	0.202142657058572	0	0	241.071428571429	0.2080381150153	0.00589545795672786	5.14110017544826
"AT1G74670"	0.200169599584686	0	0	245.928571428571	0.206001500130719	0.0058319005460327	5.14254491616042
"AT3G58550"	0.196304073329403	4.88498130835069e-14	5.95576921114116e-12	43.5	0.216815553319715	0.0205114799903117	3.40196475525069
"AT3G22060"	0.195908554509122	1.1376808997321e-05	0.000546948167568364	13.0714285714286	0.25793544148825	0.0620268869791283	2.05604439402557
"AT4G30140"	0.193456928047904	1.66533453693773e-15	2.28645931017397e-13	52.7142857142857	0.210851068277204	0.0173941402292999	3.5995510558391
"AT1G70850"	0.193184192109167	0	0	111.5	0.202819280500312	0.00963508839114472	4.39575309308591
"AT1G66280"	0.18916392839076	3.16773274278148e-11	3.15531026143724e-09	33.1428571428571	0.215248559407299	0.0260846310165393	3.04473165134155
"AT2G40205"	0.189040234018013	0	0	377.785714285714	0.193771129820618	0.00473089580260437	5.3560964417566
"AT4G22870"	0.188175097942317	1.17061490423342e-06	6.75764058352932e-05	16.7857142857143	0.23706933175471	0.0488942338123933	2.27757280141719
"AT1G67148"	0.188103145460894	1.25848642097415e-05	0.000598355278722395	13.6428571428571	0.247644189915509	0.0595410444546154	2.0563123393759
"AT1G19180"	0.186840427407901	2.21982233372664e-07	1.42143245235269e-05	19.2857142857143	0.22974358974359	0.0429031623356883	2.42086871239662
"AT5G05250"	0.186340347303424	1.04184594285073e-09	9.23123963316575e-08	27.7142857142857	0.217009900504427	0.0306695532010028	2.82288180887124
"AT2G18370"	0.185569764327277	2.97539770599542e-14	3.68659032840408e-12	49.5	0.203919537252871	0.0183497729255931	3.47416588936396
"AT5G38940"	0.184883140554155	1.73366410816111e-06	9.82194833025107e-05	16.6428571428571	0.234174085414668	0.0492909448605135	2.24818688913324
"AT1G23020"	0.184662333733325	2.85327317328665e-14	3.56425271810562e-12	50.0714285714286	0.202833249298356	0.0181709155650315	3.48059114593355
"AT2G05510"	0.184014021162351	7.52495586064938e-07	4.44497392698824e-05	17.9285714285714	0.229962161772768	0.0459481406104165	2.32331811199301
"AT5G13740"	0.181264643998852	5.55111512312578e-16	7.9810372147582e-14	63.7857142857143	0.196104366259448	0.0148397222605966	3.72408566153621
"AT3G45070"	0.180156431759672	2.89001773834396e-06	0.000156739752072463	16.5	0.229850957123684	0.0496945253640125	2.20953984366751
"AT2G05380"	0.179938744722559	0	0	391.642857142857	0.184596983435128	0.00465823871256846	5.30845059465981
"AT2G35380"	0.178473674990884	4.23181884423585e-07	2.61104935976333e-05	19.5714285714286	0.22078959987213	0.0423159248812459	2.38339961217658
"AT5G58860"	0.177687826632404	1.92308557966925e-09	1.67473281338053e-07	28.7142857142857	0.207382528612201	0.0296947019797971	2.80401689759802
"AT5G26270"	0.176682604351766	2.71997524137202e-05	0.00121085739290425	13.7142857142857	0.235927483974359	0.0592448796225934	1.99358111647766
"AT1G32640"	0.176504893638272	1.29274071867247e-05	0.000609949490791592	14.7857142857143	0.231650680295923	0.0551457866576506	2.07062835129044
"AT2G32150"	0.175752072369589	1.18148941741225e-08	8.82642094184447e-07	25.9285714285714	0.208349460039918	0.0325973876703292	2.6761771034193
"ATMG01390"	0.175418889786932	1.20459198171829e-13	1.42309936444859e-11	51.2857142857143	0.193222967161717	0.017804077374785	3.43998700733353
"ATCG00710"	0.173570931719717	3.07794987084442e-05	0.00135965089946867	13.8571428571429	0.232232641415339	0.0586617096956221	1.98507974001677
"AT3G52790"	0.172426937229806	1.32403179829987e-05	0.000622785327348459	15.2142857142857	0.226094741071928	0.053667803842122	2.07479867818769
"AT5G09530"	0.168682255132082	8.21552825769345e-11	7.92434497767393e-09	38	0.191774984018751	0.0230927288866697	3.05390396832397
"AT4G15490"	0.166597039822852	8.79837793932303e-06	0.000436459524913814	16.5714285714286	0.216088905149547	0.0494918653266951	2.1263616776014
"AT5G63160"	0.166231248702506	4.71406791380247e-09	3.84183930515238e-07	30.0714285714286	0.194706642368301	0.0284753936657951	2.77351440996507
"AT2G41990"	0.163918479806325	4.46286205632029e-05	0.00191588782361468	14.3571428571429	0.220630487059536	0.0567120072532108	1.95990603374803
"AT5G09520"	0.163868307101058	6.54929357069012e-06	0.000332704113391058	17.4285714285714	0.211057821512001	0.0471895144109421	2.16110006351824
"AT4G15390"	0.159546742221931	2.03196015569063e-10	1.89982041550461e-08	39.5714285714286	0.181828753946206	0.0222820117242757	3.02862896484344
"AT2G29340"	0.158765481226411	1.11022302462516e-15	1.53816353593522e-13	83.4285714285714	0.170741642247788	0.0119761610213769	3.83357753173913
"AT3G02470"	0.158753546799803	0	0	195.285714285714	0.165403495342292	0.00664994854248892	4.63650273491102
"AT1G14120"	0.157633351905538	1.87837647013245e-05	0.00086224269291622	16.5714285714286	0.207125217232233	0.0494918653266951	2.06523988765571
"AT5G67370"	0.157487730900198	3.33066907387547e-16	4.8342282557964e-14	91.3571428571429	0.168656884228874	0.0111691533286761	3.91649947501651
"AT2G38750"	0.157042637757313	6.22750136802797e-06	0.000319552595450324	18.5714285714286	0.201492944924898	0.0444503071675846	2.1804640313624
"AT3G13435"	0.15641645673105	3.52783657842082e-08	2.47761426060522e-06	28.7142857142857	0.186111158710847	0.0296947019797971	2.64788709927722
"AT4G22460"	0.154696178383371	8.41928492100186e-05	0.00343994375860773	14.4285714285714	0.211140687564568	0.0564445091811968	1.90329946776543
"AT1G37130"	0.15457417303098	0	0	359.714285714286	0.159408233105098	0.00483406007411824	5.04334693127802
"ATCG00490"	0.153936776616462	6.99518221125572e-12	7.45500537759002e-10	52.3571428571429	0.171431303909356	0.0174945272928941	3.29265498608991
"AT3G06070"	0.152772050981667	8.15247869212499e-12	8.50984762109485e-10	52.6428571428571	0.170186159655367	0.0174141086737	3.28878517818818
"AT5G38020"	0.152724169834862	2.13863702630546e-05	0.0009729202471909	17.0714285714286	0.200844900097364	0.0481207302625019	2.06135138698249
"AT5G23020"	0.152447621831281	1.28674126242956e-07	8.48915014693786e-06	27.0714285714286	0.183781896426615	0.0313342745953341	2.5521811603813
"AT4G17500"	0.152301429868543	1.74655200912976e-05	0.0008065894733072	17.5	0.199309262166405	0.0470078322978622	2.08403569642948
"AT3G22121"	0.149999412898567	7.66053886991358e-15	9.97834293824641e-13	85.2857142857143	0.161773088264844	0.0117736753662765	3.78033496921704
"AT2G42540"	0.149576207178972	0	0	182.5	0.15650446757221	0.0069282603932376	4.49756687700706
"AT4G29030"	0.149402113348115	6.53532783445598e-12	7.0139715631767e-10	55.8571428571429	0.165968201512187	0.0165660881640718	3.324601979682
"AT4G11320"	0.148589471831916	0	0	164.071428571429	0.155995191011052	0.00740571917913589	4.39671790009849
"AT5G48070"	0.146593709019169	5.09636857156659e-05	0.00217559263391246	16.4285714285714	0.196492656681693	0.0498989476625239	1.97739410166746
"AT2G02930"	0.146448104511248	7.44553983589302e-06	0.00037448853828056	20.1428571428571	0.187639532139306	0.0411914276280583	2.18754777507801
"AT1G66270"	0.145803751889839	8.32667268468867e-15	1.07541094673437e-12	91.4285714285714	0.156966271033654	0.011162519143815	3.81372003091688
"AT5G14780"	0.145456545108584	1.84829929139596e-12	2.05606432123171e-10	64.2142857142857	0.160215095007306	0.014758549898722	3.4403871992671
"AT5G06870"	0.144845151899614	2.91075792135942e-07	1.84833128006323e-05	27.4285714285714	0.175806290064103	0.0309611381644884	2.50545627611539
"AT3G16670"	0.144496873253724	1.99840144432528e-15	2.71925339388547e-13	103.357142857143	0.154680114272417	0.0101832410186933	3.92501902938804
"AT1G47600"	0.144069077878681	4.3929498805273e-07	2.69953855561436e-05	26.7142857142857	0.175786465814777	0.0317173879360955	2.47047812962631
"AT5G43450"	0.143743629042435	6.43674994795784e-05	0.0026949469562329	16.4285714285714	0.193642576704959	0.0498989476625239	1.95631490119737
"AT3G28740"	0.143551743373885	9.24348205588732e-06	0.000454421504941041	20.2857142857143	0.184471945432072	0.0409202020581873	2.1725162532853
"AT2G07732"	0.14257725203589	2.27793962581657e-08	1.63753773101154e-06	34.5	0.167741101578531	0.0251638495426408	2.73681168920364
"AT2G01530"	0.142300579737178	5.55111512312578e-15	7.29301676521008e-13	100.571428571429	0.152691724113954	0.0103911443767757	3.87719541811804
"AT1G13590"	0.141799509092659	5.20105850443375e-06	0.000273324591750243	21.8571428571429	0.179970228413135	0.038170719320476	2.23721998911483
"AT1G74460"	0.139457167451646	3.23047964490009e-07	2.03440123092055e-05	28.8571428571429	0.169018120395436	0.0295609529437901	2.51541324292754
"AT1G02930"	0.138715804064861	1.54876111935209e-13	1.80176484419282e-11	85.1428571428571	0.150504741643654	0.0117889375787931	3.67430332638132
"AT2G42530"	0.138655856847187	0	0	171.571428571429	0.145854884161361	0.00719902731417377	4.34058789540974
"AT3G05890"	0.136987338193461	0	0	205.5	0.14343983282126	0.00645249462779894	4.47444486647294
"AT2G34430"	0.136902024535602	1.93369764645013e-11	1.96463680879333e-09	62.4285714285714	0.152006145177812	0.0151041206422099	3.33111555061006
"AT5G04238"	0.136868400899805	0.000184746993060814	0.0070565016898416	15.4285714285714	0.189828004642819	0.0529596037430145	1.84172861097737
"AT1G16400"	0.135761934450742	3.49404308909174e-05	0.00153014990453328	19.0714285714286	0.179117071681142	0.0433551372303996	2.04662799111522
"AT5G64120"	0.135023113510543	5.0168238452386e-09	4.06682954262959e-07	42.6428571428571	0.155893067536713	0.0208699540261696	2.90105744621045
"AT2G47880"	0.13493523684531	1.78847824794381e-06	0.000100949661106162	26.0714285714286	0.167368679359672	0.0324334425143624	2.36747550756125
"AT5G19240"	0.133895890346428	3.09932902061716e-05	0.00136513798480363	19.7142857142857	0.175924579516262	0.0420286891698338	2.0655106986034
"AT3G01420"	0.133479681782568	2.77555756156289e-15	3.71048221387881e-13	129.214285714286	0.142160924105265	0.00868124232269762	4.03347964116394
"AT2G22510"	0.133437183812494	1.11860426477151e-08	8.39779753454076e-07	40.9285714285714	0.155069129768288	0.0216319459557941	2.84167615439662
"AT3G28270"	0.13318807488448	2.343097077806e-06	0.000128448918941595	25.9285714285714	0.165785462554809	0.0325973876703292	2.3464892471797
"AT5G62360"	0.132473247770057	7.56108509136766e-11	7.33955011416835e-09	60.7142857142857	0.147928240617514	0.0154549928474568	3.2587526084691
"AT2G42750"	0.132463669544884	4.2821123202863e-08	2.96633598914378e-06	37.2142857142857	0.155987432316358	0.0235237627714743	2.72923904615224
"AT1G62500"	0.131329094757467	0.000118215372249986	0.00468748351357454	17.2857142857143	0.178886477909769	0.0475573831523021	1.91130309969431
"AT1G27020"	0.130927958480676	8.4548368306514e-10	7.57951254700749e-08	51.8571428571429	0.148565350669032	0.0176373921883563	3.07438851160099
"AT3G25930"	0.129936537189029	3.95281719134388e-07	2.46691450347663e-05	31.7857142857143	0.157020578209822	0.0270840410207931	2.53543872823772
"AT4G17215"	0.129337121009946	4.65981499464529e-06	0.000247441047102419	25.3571428571429	0.162608761997772	0.0332716409878266	2.28904006944399
"ATCG00020"	0.128996769570176	2.65454325187875e-13	3.01904769840538e-11	99.5714285714286	0.13946538343575	0.0104686138655745	3.73576474177762
"AT5G23830"	0.128774395677918	7.90507504899729e-07	4.65148045354126e-05	30.2857142857143	0.157067256346359	0.0282928606684408	2.4728724958269
"AT4G33420"	0.128603215462596	2.18132470397592e-06	0.000120885049049429	27.5714285714286	0.159417805743882	0.0308145902812858	2.37112726237537
"AT2G48140"	0.128020573152626	1.66660579725697e-06	9.58455560384763e-05	28.5	0.157918412766058	0.0298978396134318	2.40106624881871
"AT1G08115"	0.127810437948803	3.28592896559066e-07	2.06080483274081e-05	33.2142857142857	0.153844730827041	0.0260342928782379	2.56298990520473
"AT5G50562"	0.125820790879008	5.97730568263621e-07	3.55836478919437e-05	32.2857142857143	0.152526852894932	0.026706062015924	2.5138240947106
"AT3G20370"	0.125685899562907	1.09579012530503e-13	1.3046751179413e-11	115.714285714286	0.135067590540842	0.00938169097793428	3.84768975047902
"AT5G24770"	0.123546023277777	1.79947094074429e-05	0.000828517738276221	23.5714285714286	0.159135410044501	0.0355893867667238	2.16073591353973
"AT5G15960"	0.122361395009341	1.7275898500646e-07	1.12514826132413e-05	37.9285714285714	0.145492570849269	0.0231311758399283	2.65303497775977
"AT3G53980"	0.121947118017954	8.20543134549823e-08	5.58262382613362e-06	40.7857142857143	0.143645454689158	0.0216983366712036	2.72685598363198
"AT3G08520"	0.121458550796766	0	0	41352.0714285714	0.124154707932701	0.00269615713593513	5.5250905778396
"AT1G54000"	0.121304861662139	2.28863594742279e-11	2.29465867360022e-09	81.9285714285714	0.133451270330085	0.0121464086679461	3.45771131869461
"AT5G40690"	0.12074815810519	2.71847316750673e-05	0.00121085739290425	23.2857142857143	0.156741372970813	0.0359932148656237	2.12258916671018
"AT5G65010"	0.120238358506046	2.1094237467878e-15	2.84492193814567e-13	200.285714285714	0.126789134927092	0.00655077642104549	4.27462140011456
"AT2G43610"	0.119504372476795	4.42970977998502e-06	0.000236872901919199	28.8571428571429	0.149065325420585	0.0295609529437901	2.33418002368246
"AT1G21100"	0.117729902372806	4.17283716990235e-05	0.00179644176466983	23	0.154136978333576	0.0364070759607695	2.08192223378228
"AT5G61820"	0.11691090540335	7.20310588953055e-10	6.49558187907962e-08	66.9285714285714	0.131179504585627	0.0142685991822771	3.20062672117994
"AT5G64260"	0.116215296485032	1.43551837084033e-13	1.68286922858512e-11	147.571428571429	0.12414969063571	0.00793439415067791	3.96781678939857
"AT1G74500"	0.116135456115477	3.65318431554407e-05	0.00159070082768262	23.8571428571429	0.151330687312616	0.0351952311971389	2.10425270323044
"AT2G05540"	0.11600083923026	1.40688129812716e-07	9.24175473424911e-06	42.5714285714286	0.136901317681463	0.0209004784512028	2.71152845887291
"AT4G37070"	0.114146677529844	8.8208355428776e-06	0.000436459524913814	28.8571428571429	0.143707630473634	0.0295609529437901	2.28137198401555
"AT5G55450"	0.113783351598699	3.0989091559519e-07	1.95964213845257e-05	40.9285714285714	0.135415297554493	0.0216319459557941	2.64615536856702
"AT3G20470"	0.113766345111844	2.72522365988292e-05	0.00121085739290425	25.5	0.146866589773164	0.0331002446613199	2.14959245307764
"AT3G22620"	0.113744116239044	2.97889257705464e-09	2.50819463393993e-07	62.8571428571429	0.128763509218055	0.0150193929790111	3.09982538907578
"AT2G38390"	0.112471718898507	1.01702108956658e-08	7.71114497760932e-07	57.6428571428571	0.128607550202056	0.0161358313035486	2.99463553067693
"AT5G03285"	0.112014375302658	3.92438824500241e-05	0.00169908172880218	25	0.145723076923077	0.0337087016204186	2.11203639852681
"AT1G08430"	0.111481134763293	5.39063286058017e-05	0.00229478337416876	24.2142857142857	0.146196751882397	0.0347156171191041	2.07425453593528
"ATCG00950"	0.110951183577946	0	0	747.5	0.11466641656908	0.00371523299113381	4.94784641888653
"AT2G16586"	0.109560863720359	5.30581301116939e-09	4.27833811059373e-07	64.8571428571429	0.124199666505941	0.014638802785582	3.08479182499592
"AT4G04770"	0.109467588119605	4.97997026949193e-08	3.41868229311068e-06	52.5714285714286	0.126901719499782	0.0174341313801774	2.86372522592105
"AT5G53250"	0.109314390638795	3.15790061877763e-08	2.25945565399864e-06	55.0714285714286	0.126078631339877	0.0167642407010817	2.91086473259328
"AT5G44550"	0.109149392780684	8.10076972168616e-09	6.29876176318863e-07	62.8571428571429	0.124168785759695	0.0150193929790111	3.04740413497977
"AT4G23600"	0.10810116333898	1.37646449793749e-10	1.30293906512841e-08	94.9285714285714	0.118950837486983	0.010849674148003	3.45464180978188
"AT3G08770"	0.107413305921664	7.54152296167376e-12	7.98144513443807e-10	130	0.116058261265362	0.00864495534369792	3.74684689859333
"AT4G22880"	0.106937587935417	3.96584024509039e-07	2.46691450347663e-05	44.8571428571429	0.126909501711725	0.0199719137763075	2.66775559933479
"AT5G59090"	0.106784184125751	1.3566440752677e-05	0.000636161714063992	30.6428571428571	0.134778496263165	0.0279943121374145	2.26738469833017
"ATCG00140"	0.106016549590557	0.000210217967084314	0.00793000450090333	21.7857142857143	0.144303640460588	0.0382870908700303	1.91417774568052
"AT5G24210"	0.105305359877243	1.05974358969307e-05	0.000514346888755492	32.2857142857143	0.132011421893167	0.026706062015924	2.30542359793582
"AT1G29395"	0.10511307661744	3.9996998602021e-08	2.79612045272844e-06	58.5	0.121051714740078	0.0159386381226378	2.92502324717314
"AT2G39310"	0.104792240417202	8.55333870397601e-09	6.61689755576621e-07	68.6428571428571	0.118771361077708	0.0139791206605066	3.08684148835791
"AT1G32450"	0.104725983582569	1.86065406415636e-08	1.35030323513062e-06	63.6428571428571	0.119593006237226	0.0148670226546577	3.00794536362867
"AT5G15970"	0.104438597745032	1.18893783707108e-12	1.34217871384913e-10	179.071428571429	0.111448246832712	0.00700964908768076	3.9908878890212
"AT1G19380"	0.104145953984813	0.000241762620518005	0.00896445711274692	21.9285714285714	0.142201059876579	0.0380551058917655	1.90177027826157
"AT5G66985"	0.103390177335065	0.000154387823493862	0.00597175236052401	23.6428571428571	0.138880132107649	0.0354899547725838	1.96835758425574
"AT2G25510"	0.102535420591971	1.68753899743024e-14	2.1431745267364e-12	385	0.107227837097967	0.00469241650599615	4.5142046030908
"AT1G45145"	0.10251232738177	2.96673574595729e-10	2.74018501626601e-08	102.357142857143	0.112768898351874	0.0102565709701045	3.45874884009018
"AT5G39050"	0.100489016801959	6.45721325568394e-05	0.00269610767168831	27.8571428571429	0.131015020482476	0.0305260036805176	2.10162158570725
"AT5G43350"	0.100195480145524	4.47509929113465e-09	3.66669425789743e-07	81.9285714285714	0.11234188881347	0.0121464086679461	3.20929424443895
"AT1G17180"	0.0997347732546489	9.5387789000867e-08	6.43234470961598e-06	60	0.11534188034188	0.0156071070872314	2.88564139583519
"AT2G39530"	0.0997330685557315	0.000231541128987489	0.00864874217100327	23.5714285714286	0.135322455322455	0.0355893867667238	1.926882279682
"AT2G37130"	0.0996773772644847	5.09043035501477e-08	3.47884119329261e-06	64.2142857142857	0.114435927163207	0.014758549898722	2.95491717591016
"AT4G08870"	0.0996577224357007	0.000102909198490653	0.00411636793962611	26.5	0.131609935098721	0.0319522126630204	2.0422806556249
"AT4G23680"	0.0995040927523128	5.6654344035012e-06	0.000294679932796445	38.3571428571429	0.122406734747174	0.0229026419948608	2.41809699751599
"AT4G12510"	0.099403290059456	8.26827495359339e-11	7.92506354042536e-09	130.214285714286	0.108038424955588	0.0086351348961324	3.64518198708744
"AT1G51760"	0.0978010706217076	8.1366136285288e-05	0.0033423717439024	28.2142857142857	0.127974560289894	0.0301734896681868	2.08450358545013
"AT5G17170"	0.0963288163986848	9.80948655637803e-12	1.01011199404866e-09	194.357142857143	0.102997744424404	0.00666892802571912	3.94901405464753
"AT1G15380"	0.0947976959871544	2.34155802503189e-06	0.000128448918941595	46.6428571428571	0.114107491958335	0.0193097959711803	2.56298869194653
"AT4G37410"	0.0934879794664587	8.36735125631094e-11	7.96990207163617e-09	164	0.100895758019494	0.00740777855303517	3.76768073843375
"AT3G17998"	0.0920645176069291	9.37454724320164e-05	0.00377957936471939	30.5714285714286	0.120117981415911	0.0280534638089823	2.09820131674437
"AT2G29490"	0.0919026450742487	0.000120419128915472	0.0047543718255746	29.5714285714286	0.120814236756266	0.028911591682017	2.06307053053224
"AT5G46890"	0.0914833810021435	1.93200728337839e-06	0.000108249231612819	51.2857142857143	0.109287458376929	0.017804077374785	2.61784826869961
"AT2G19800"	0.0912587032445343	7.31650817709095e-09	5.80747836556594e-07	100.428571428571	0.10166082023535	0.0104021169908161	3.28881470212535
"AT2G34070"	0.0909597141326331	0.000273460129311731	0.00997326503638629	26.5714285714286	0.122833231053835	0.0318735169212015	1.94627079744938
"AT4G30670"	0.0908012990299148	1.93542265103375e-07	1.25514217879806e-05	68.7142857142857	0.104768671536623	0.0139673725067081	2.90707482268565
"AT1G21310"	0.0905415660333543	8.87812046101999e-12	9.20425549836358e-10	275.214285714286	0.0960377939673299	0.00549622793397556	4.12708852408383
"AT4G04745"	0.0904224223447153	5.50343756338112e-05	0.00232978856849801	34	0.115916955017301	0.0254945326725858	2.1848318048378
"AT1G58270"	0.0898176216054607	1.77346749508089e-08	1.30568331521898e-06	94.3571428571429	0.100716787214125	0.0108991656086638	3.20801457000531
"ATCG00920"	0.0893152433894488	2.63344901441087e-13	3.01757616388133e-11	815.071428571429	0.0929444371968675	0.00362919380741864	4.67864751394184
"AT3G45140"	0.0892551843973324	2.5560664695945e-12	2.82278644903045e-10	398.071428571429	0.0938814339154712	0.00462624951813878	4.3429248919295
"AT2G24945"	0.0891347387645625	7.09612644655966e-06	0.000358198532039132	45.9285714285714	0.108703203464589	0.0195684647000262	2.47379198222099
"AT3G44310"	0.0889188269525648	4.06250588724788e-11	4.02029803387388e-09	232.071428571429	0.0949390850685858	0.00602025811602099	3.97910489816631
"AT4G13250"	0.0887036878451199	5.6732961661865e-09	4.5505807143517e-07	113.214285714286	0.0982334231760537	0.00952973533093382	3.36570592221834
"AT3G54040"	0.0880071017707948	8.70879401926317e-09	6.70313236634195e-07	109.785714285714	0.0977508333632631	0.00974373159246825	3.32656270456533
"AT1G52400"	0.0879592821310428	4.13528318943257e-06	0.00022190745002448	50.5714285714286	0.105977013187585	0.0180177310565421	2.55626212127412
"AT5G06860"	0.0875618347295646	9.79301328918325e-09	7.49977500136446e-07	109.857142857143	0.0973009718260081	0.00973913709644349	3.32058835654725
"AT3G62040"	0.0875226312530907	2.04404659864821e-09	1.75995876629371e-07	136	0.0959043119510248	0.00838168069793405	3.51628421384556
"AT4G34138"	0.0867337647927948	2.43575957522557e-05	0.00109825372563425	41.0714285714286	0.108299781881634	0.0215660170888396	2.32819867466591
"AT1G05562"	0.0862070801385586	5.30907624973764e-07	3.198036444506e-05	68.7142857142857	0.100174452645267	0.0139673725067081	2.8423820702469
"AT1G54010"	0.0859151632365132	7.8717492524305e-09	6.15207480036107e-07	120.357142857143	0.0950382315867615	0.00912306835024834	3.38091696065314
"AT3G57020"	0.0854845440743346	8.46914177712321e-05	0.00345106205035716	35.2857142857143	0.110147683128719	0.0246631390543841	2.15901081071157
"AT5G03120"	0.0849134473711894	0.000140428598492615	0.00547348296937966	33.0714285714286	0.111048633969392	0.0261351865982027	2.08712628122307
"AT1G52100"	0.0848408880829217	0.000266589610387391	0.00978994135494901	29.9285714285714	0.113439422545659	0.0285985344627374	1.98790897095204
"AT4G25100"	0.0847691708783481	1.59128266119524e-12	1.7831726291629e-10	853.5	0.0883555103180073	0.00358633943965926	4.6227361637906
"AT1G11580"	0.0836955918725825	6.95805271511141e-07	4.12609818592599e-05	71.2857142857143	0.0972557107432068	0.0135601188706243	2.84241314050215
"AT3G13610"	0.0827176794881965	0.000118417398472848	0.00468748351357454	35.5714285714286	0.107204226234564	0.024486546746368	2.13030054620799
"AT3G15356"	0.0823374068237855	8.67829363926376e-10	7.73433889253682e-08	201	0.0888744185692281	0.00653701174544257	3.76506502195244
"AT5G59520"	0.0822637708309553	7.96120283585999e-07	4.66648966225024e-05	73.0714285714286	0.0955579385245453	0.01329416769359	2.84558227342643
"AT3G25770"	0.082008525890319	2.05443440037811e-11	2.07348213654056e-09	489.714285714286	0.0862700761439476	0.00426155025362856	4.33940997912903
"AT4G35090"	0.0817956655443076	6.78422207300855e-10	6.15425859480061e-08	217.357142857143	0.0880422231839517	0.00624655763964417	3.81706230388223
"AT1G76790"	0.0814932600075002	4.4548282853718e-06	0.000237383157584148	59	0.0973195147283053	0.0158262547208051	2.62040924402607
"AT4G16370"	0.0810998294975634	1.50037563706462e-07	9.81361575487761e-06	95.6428571428571	0.0918884709536947	0.0107886414561313	3.09037065406066
"AT2G25980"	0.0809969812254634	0.000245449489646332	0.00903538701016933	32.8571428571429	0.107285153409917	0.0262881721844537	2.02896470341168
"AT3G22240"	0.0803802543672905	3.36551368995686e-08	2.38560133185779e-06	122.357142857143	0.0893979643952807	0.00901771002799019	3.3094089566376
"AT1G14870"	0.0802350452029363	3.49531992238639e-09	2.91085659110211e-07	177.5	0.0872830482352403	0.00704800303230392	3.6304150365256
"AT5G42800"	0.0789403861223333	2.75575408292816e-06	0.000149991757942233	68	0.0930263508118179	0.0140859646894846	2.72338106319337
"AT2G43150"	0.0783079009554935	1.02327157858184e-08	7.72012814732043e-07	163.714285714286	0.0857239349742296	0.00741603401873614	3.53097830836695
"AT4G14400"	0.0782441295449514	2.11062820103525e-05	0.000963053107298718	51.5	0.0959852665008665	0.0177411369559151	2.43571450379006
"AT3G16530"	0.07751201475203	1.84432232819276e-08	1.34485513309367e-06	154.285714285714	0.0852176321620766	0.00770561741004658	3.46716950372675
"AT1G58290"	0.0767284629054183	9.55955697732325e-05	0.00384400127531415	42.3571428571429	0.0977211323266623	0.020992669421244	2.21878494973765
"AT1G19670"	0.0761287293738433	5.78274190344841e-05	0.00243450239250148	46.6428571428571	0.0954385253450236	0.0193097959711803	2.3052388308654
"AT1G43790"	0.0757487774055139	0.000152234248933514	0.00590343499681107	40.2142857142857	0.0977173938630737	0.0219686164575598	2.15317137285181
"AT5G63660"	0.0749014577891913	6.58678589658956e-05	0.00273522117340667	47.2142857142857	0.0940099539205556	0.0191084961313643	2.29859927925988
"AT1G78000"	0.0748861741616889	0.000175105009768806	0.00672191523646498	40.1428571428571	0.0968891166330408	0.022002942471352	2.13863815016932
"AT2G25450"	0.0745749497865014	3.82255616049321e-09	3.16607368945198e-07	253.785714285714	0.0803091876749598	0.00573423788845842	3.8078913849143
"AT1G70700"	0.0740956779012385	1.26031525242709e-05	0.000598355278722395	62.9285714285714	0.0891010618038902	0.0150053839026517	2.56996239443808
"AT1G78460"	0.0738000613855283	2.14112152896462e-07	1.37682245153674e-05	122.214285714286	0.0828251826505981	0.0090251212650698	3.19805125796017
"AT3G16460"	0.0736924881801521	4.13148159017496e-08	2.875058421656e-06	164.714285714286	0.0810797533687179	0.00738726518856574	3.45622942670871
"AT5G16970"	0.0734346123383015	5.1514061716329e-07	3.11537420855894e-05	107.285714285714	0.0833430055293137	0.00990839319101217	3.07233810293342
"AT3G16430"	0.0731627428391786	0.000194938514422316	0.00740863580996532	41.2142857142857	0.0946632881069353	0.0215005452677566	2.13843178665828
"AT3G19030"	0.0726748042724966	7.11970959965669e-09	5.68085729312921e-07	255.928571428571	0.078383447621334	0.00570864334883737	3.77932919294266
"AT4G02520"	0.0726371857165159	5.39195310844676e-07	3.22248491657759e-05	110.285714285714	0.0823488808166249	0.00971169510010906	3.08395400894689
"AT2G38380"	0.0723042171340034	1.05339583278408e-07	7.07213766151071e-06	149.571428571429	0.0801683171450251	0.00786410001102163	3.34967861592868
"AT1G17170"	0.0722662258243927	7.88597401937263e-05	0.0032481687582497	49.3571428571429	0.0906613601862209	0.0183951343618282	2.30116359195247
"AT4G15760"	0.0713783958916306	9.22081803989006e-06	0.000454421504941041	72.5	0.084756242568371	0.0133778466767404	2.66347371549636
"AT2G17500"	0.0713457950852157	0.000206525600335628	0.00781004999780388	42.8571428571429	0.0921247863247863	0.0207789912395706	2.14846375077364
"AT1G80920"	0.0712388803954709	1.18555118722163e-07	7.92447372511303e-06	155.357142857143	0.0789098204213543	0.00767094002588338	3.36272956957368
"AT3G16400"	0.071201009993936	1.6645754774558e-08	1.23146263477798e-06	235.785714285714	0.077168608675452	0.00596759868151595	3.69279167132755
"AT5G10580"	0.0704436725092611	0.000140932545289796	0.00547911221994002	47.0714285714286	0.0896020354067103	0.0191583628974492	2.2255572185159
"AT3G19710"	0.0703377011030528	1.55842087726787e-05	0.000724095553950073	68.9285714285714	0.0842699752393972	0.0139322741363444	2.59658793599256
"AT4G15610"	0.0700933040941474	0.000132712536899282	0.00519932920911326	48.0714285714286	0.0889088237127334	0.018815519618586	2.24040347359694
"AT4G21850"	0.0695474808689932	1.69075495881632e-06	9.68688179412057e-05	104.071428571429	0.0796792061408622	0.0101317252718689	2.97532341052555
"AT3G22600"	0.0691158585246686	1.72483560331171e-05	0.000798981598616125	70.7857142857143	0.0827528482884813	0.0136369897638126	2.60128375095767
"AT1G33110"	0.0685584983352044	0.00027145645478599	0.00994470281475598	44.1428571428571	0.0888102586660415	0.020251760330837	2.13267901913361
"AT3G04720"	0.0682227667439879	1.72864088154867e-06	9.82194833025107e-05	110.285714285714	0.077934461844097	0.00971169510010906	3.00446638095225
"AT5G44580"	0.0681033691950127	5.34595872569987e-07	3.20757523541992e-05	138.642857142857	0.0763763128977446	0.0082729437027319	3.20665260508455
"AT3G25190"	0.0674971299146565	0.000273544933412695	0.00997326503638629	45.5	0.0872246941562242	0.0197275642415676	2.14452379598971
"AT5G42650"	0.0672535728999189	5.1269228984463e-07	3.11292051682556e-05	146.857142857143	0.0752135361043142	0.00795996320439529	3.24015865872545
"AT5G26280"	0.0664065370816653	2.12727288340098e-07	1.37371350606063e-05	187.714285714286	0.0732167179280459	0.00681018084638054	3.42640808861929
"AT3G09260"	0.0661382736919808	1.745232514061e-09	1.52858296059136e-07	1452.64285714286	0.0693497195068814	0.00321144581490058	4.43259518751094
"AT3G48990"	0.0658435740518877	8.57142233856578e-08	5.80571006398856e-06	245.928571428571	0.0716754745979204	0.0058319005460327	3.61944153020415
"AT2G41410"	0.0657727149343336	2.60442804244088e-05	0.00116739656961173	74.7142857142857	0.078833435464725	0.0130607205303914	2.59357315749249
"AT3G16450"	0.0654112159957368	9.98642551985895e-06	0.000489366961166079	90.7142857142857	0.0766405471272481	0.0112293311315113	2.7708358633116
"AT4G04830"	0.0653534709080405	5.63244430973331e-06	0.000293967298905259	101.428571428571	0.0756794286847847	0.0103259577767442	2.87362559361384
"AT2G15970"	0.065172205423933	9.89881771884527e-07	5.73604494430425e-05	145.214285714286	0.073191932046653	0.00801972662272007	3.19005966497599
"AT2G29420"	0.0645921114336851	0.000188135523819466	0.00716796345752165	53.7142857142857	0.0817122697356966	0.0171201583020115	2.254856684849
"AT1G19550"	0.0640805019358537	1.40321055065451e-05	0.000655979410796771	90.2857142857143	0.0753504276928007	0.011269925756947	2.74113768917719
"AT5G63790"	0.0635088232342123	0.000156683887538089	0.00604522138248223	57.8571428571429	0.0795948084836974	0.0160859852494851	2.30687003281844
"AT4G26320"	0.0633048119779056	0.000138712803995245	0.00542046957150648	59.7142857142857	0.0789737837081076	0.015668971730202	2.33346330624204
"AT1G29418"	0.0628609640575384	6.23402352932789e-05	0.00261725946520543	71.1428571428571	0.0764429357839142	0.0135819717263757	2.49269025177377
"AT1G44800"	0.0622640126531601	5.47073297135769e-05	0.00232239472098861	74.8571428571429	0.0753049176800706	0.0130409050269105	2.52970008634935
"AT2G39570"	0.0618463719125759	4.72925305472494e-07	2.88295266216032e-05	221.357142857143	0.0680284335818223	0.00618206166924643	3.45997791908644
"AT2G02120"	0.0617183369455024	7.09815988686469e-06	0.000358198532039132	116.928571428571	0.0710304048308182	0.00931206788531585	2.9312632271463
"AT5G40730"	0.0614987954074088	5.98750473546072e-06	0.000309320583621768	122.857142857143	0.0704907018346716	0.00899190642726272	2.97073404195392
"AT5G01870"	0.061401437776957	1.10729320720315e-05	0.000535718999294478	108.214285714286	0.0712477828133156	0.00984634503635859	2.85518491849233
"AT3G16420"	0.060461915461983	3.49341233718548e-08	2.46479648234753e-06	796.357142857143	0.06411347637322	0.00365156091123703	4.13404243562318
"AT3G16660"	0.0602903806499102	2.32205694372656e-05	0.00105321868519026	98	0.0708839265690578	0.0105935459191475	2.74227294774539
"AT5G19550"	0.0598863406420454	0.000128602034935144	0.00505127580518451	69.5	0.0737260772455638	0.0138397366035184	2.41335851131231
"AT5G65730"	0.0597655220966281	5.73811729416285e-05	0.00242240741171861	82.9285714285714	0.0717977480191289	0.0120322259225009	2.57703503265845
"AT3G22200"	0.0591339997394654	2.03954000566053e-06	0.000113855639876434	187.642857142857	0.065945753781179	0.00681175404171362	3.27518151960312
"AT2G15960"	0.059088577049487	2.17665214707896e-06	0.000120885049049429	185.071428571429	0.0659577748828147	0.00686919783332763	3.26332918968842
"AT5G59540"	0.0590711574521458	9.85052421847987e-05	0.00395057866025351	76.2857142857143	0.0719179892895333	0.0128468318373875	2.48494006635017
"AT5G17330"	0.0589389260842757	2.5878687952785e-05	0.00116339588318715	102.857142857143	0.0691586538461538	0.0102197277618781	2.75855302202907
"AT3G15950"	0.0583256384505648	1.11618073804776e-05	0.00053830995088126	129.5	0.0669936345612021	0.00866799611063736	2.95025361237988
"AT2G01010"	0.0582083150531217	3.28306184460558e-08	2.33803095849482e-06	2408	0.0612078806228153	0.00299956556969364	4.35089194052373
"AT2G23130"	0.0581787265970076	0.000225823862681218	0.00847673809670385	66.2142857142857	0.0725723657196935	0.0143936391226858	2.333988907223
"AT3G16470"	0.057410971003579	8.38198654482536e-05	0.00343391061675103	85.6428571428571	0.0691467135981295	0.0117357425945505	2.55875155148473
"AT3G15450"	0.0566884470827213	4.14206374754755e-07	2.56605900457824e-05	436.571428571429	0.061142832781237	0.00445438569851572	3.77888500520494
"AT1G15125"	0.0562063158065934	6.33656188298026e-06	0.000322973923400064	175.142857142857	0.063313140212778	0.00710682440618457	3.15522799323042
"AT2G21045"	0.0554813638674974	6.54407244242705e-05	0.00272490885307618	100.785714285714	0.0658561076468166	0.0103747437793192	2.66624153827395
"AT5G23010"	0.0554393086599256	0.000122627805645537	0.00482906397425834	86.8571428571429	0.0670484131951843	0.0116091045352587	2.52994649426263
"AT3G48690"	0.0553229518923803	8.56429086412147e-05	0.00348052780717897	95.2857142857143	0.0661419953153397	0.0108190434229594	2.61199362076744
"AT3G10985"	0.0551551441673037	3.6490406582379e-05	0.00159070082768262	118.857142857143	0.0643595581332499	0.00920441396594615	2.80575664619339
"AT4G31500"	0.0548040260615486	0.000204419882245288	0.00774964926720943	79.4285714285714	0.0672484701779252	0.0124444441163765	2.43399966076523
"AT1G19570"	0.0543986192339788	2.43899704310824e-06	0.000133226935257955	288	0.0597697056030389	0.00537108636906014	3.47612861089205
"AT3G09270"	0.0543251288404106	0.00010645696456868	0.00424713125661434	95.6428571428571	0.0651137702965419	0.0107886414561313	2.59344947060688
"AT3G32980"	0.0543159960238508	4.72940856510728e-06	0.000249398569315692	229.142857142857	0.0603789777426757	0.00606298171882496	3.31594695371944
"AT2G43590"	0.0541051849249716	0.000114080972474229	0.00453940997521474	95.2142857142857	0.064930336109909	0.0108251511849373	2.58450550356302
"AT1G62660"	0.0539171109006081	0.000235442310083323	0.00877296040506072	80.3571428571429	0.0662486913580247	0.0123315804574166	2.42553424429367
"AT4G30170"	0.0534653193201527	7.72505046772176e-05	0.00319050864845744	109.357142857143	0.0632367439298101	0.00977142460965735	2.6941222668865
"AT1G45201"	0.0533867870793064	0.000242346215908906	0.00896445711274692	82.0714285714286	0.065516713568033	0.0121299264887266	2.43329218342197
"AT3G14990"	0.0531399913967175	2.31666017347365e-06	0.000127919931317893	351.785714285714	0.0580226585030832	0.00488266710636567	3.57087507352593
"AT1G70890"	0.0525464881007722	2.75611575907275e-05	0.00122102337698456	155.5	0.0602128405811163	0.00766635248034411	2.97345894272828
"AT4G37800"	0.0525273689710993	4.8538870262127e-05	0.00207789995167083	132.285714285714	0.0610692131504376	0.00854184417933828	2.8378257711867
"AT5G64100"	0.0516140115607439	0.00015786269368534	0.00607532184789036	101.857142857143	0.0619077874536016	0.0102937758928577	2.58834862026906
"AT1G78370"	0.050380554135529	2.93300529119467e-06	0.000158507094460308	525.714285714286	0.0545336243092919	0.00415307017376286	3.71489588620934
"AT5G25980"	0.0490278141416462	1.18873079039128e-05	0.000567907750644611	314.714285714286	0.0541702486873198	0.0051424345456736	3.39697728305727
"AT5G05960"	0.0484588524867888	8.73941949212087e-05	0.00354225407074261	154.642857142857	0.0561528573778892	0.00769400489110047	2.86755278517923
"AT1G29920"	0.0480547167085523	1.51861046943091e-05	0.000707756071991656	327.071428571429	0.053104019228413	0.00504930251986072	3.39466503534933
"AT5G42530"	0.0473671329132324	7.74102426293055e-06	0.000388069768970597	572.357142857143	0.0513999466569193	0.00403281374368689	3.67190818095025
"AT1G07600"	0.0446709399903847	7.98724486239522e-06	0.000399100366239026	2093.21428571429	0.0477189545681182	0.00304801457773349	3.96862072872929
"AT5G07440"	0.044425779207961	7.62703024451694e-05	0.00315858535126191	262.5	0.0500585382871097	0.00563275907914873	3.15170249288416
"AT3G09390"	0.042727114193577	2.42720837291266e-05	0.00109764556686021	1020.78571428571	0.0461644966756174	0.00343738248204034	3.74740146093435
"AT4G34710"	0.0420634753816131	0.000178118482275336	0.00682041625597014	246.714285714286	0.0478853297370737	0.00582185435546057	3.04003308286637
"AT5G23820"	0.0403982661569581	0.000238436835751754	0.00886287165087008	278.214285714286	0.0458640984782099	0.00546583232125184	3.06885217467332
"AT1G07610"	0.0376016571395317	0.000230671255009529	0.00863741996645018	591.214285714286	0.0415912390241092	0.00398958188457754	3.38197020181775
