"Gene"	"effect.size"	"p.value"	"q.value"	"Mean"	"CV2"	"TechNoise"	"BioVar"
"AT2G24940"	3.75678258854611	0	0	7.07142857142857	3.88103254769921	0.124249959153106	4.96512324950283
"AT1G43800"	2.59357721853052	0	0	42.5714285714286	2.61803002636749	0.0244528078369724	6.74233769881918
"AT1G31258"	1.29932041316016	0	0	61.1428571428571	1.31773517337759	0.0184147602174298	6.16105403759704
"AT3G20395"	1.24437178299486	0	0	12.3571428571429	1.31743073993066	0.0730589569357932	4.17252215169643
"AT3G28220"	1.15669476466351	3.56381590904675e-14	3.98627116717025e-12	4.92857142857143	1.33297788118204	0.176283116518529	2.91868662866386
"AT4G22880"	1.14762319968551	0	0	23.8571428571429	1.18766980088648	0.040046601200976	4.89031017503536
"AT4G12490"	1.06419544991251	0	0	11.1428571428571	1.14471754412583	0.0805220942133172	3.82946315674993
"AT4G22870"	1.05728770577821	0	0	8.28571428571429	1.16399890240556	0.106711196627347	3.44730623446918
"AT3G13857"	1.04510702325908	0	0	9.57142857142857	1.13809825727848	0.0929912340193999	3.61338658285157
"AT4G31940"	1.04032559786746	0	0	33.7142857142857	1.0700008839193	0.0296752860518415	5.17220624155725
"AT4G22485"	1.03001512181708	0	0	15.6428571428571	1.0886890470302	0.0586739252131201	4.21372862822828
"AT5G42800"	1.01983321936059	0	0	30.8571428571429	1.05183272660125	0.0319995072406572	5.03871179097922
"AT3G29590"	1.01881095609561	0	0	7.64285714285714	1.13411315734663	0.115302201251014	3.29807263282903
"AT5G45430"	0.960811442553045	0	0	27	0.996728922654849	0.0359174801018037	4.7944431504115
"ATCG01020"	0.95311391619387	0	0	28.6428571428571	0.987233623212255	0.0341197070183849	4.85471436706377
"AT4G27450"	0.916085127233002	0	0	55	0.936045772409409	0.0199606451764072	5.55134882102825
"AT5G54060"	0.902039969906655	0	0	10.7142857142857	0.9856	0.0835600300933446	3.56011733894226
"AT5G09672"	0.894814849602761	4.59632332194815e-14	5.03100418468096e-12	6.5	1.02958579881657	0.134770949213807	2.93348260705873
"AT4G10270"	0.884553630451782	0	0	20.8571428571429	0.929702498664781	0.0451488682129981	4.36400740508502
"AT1G52060"	0.877159788816429	0	0	16.7857142857143	0.932150294250793	0.0549905054343635	4.08330813299937
"AT5G45428"	0.832702517049734	0	0	34.5714285714286	0.861755449659281	0.0290529326095471	4.89052281503289
"AT1G25472"	0.824236153368162	1.9364509995512e-12	1.80940092177577e-10	6.28571428571429	0.963445645263827	0.139209491895665	2.79094569262727
"AT4G22520"	0.799594917535961	0	0	61.7857142857143	0.817865666693225	0.0182707491572643	5.48425620670343
"AT3G03820"	0.767779255635074	1.36267075401264e-09	8.58245635485148e-08	5.21428571428571	0.934653636849171	0.166874381214096	2.4856693441737
"AT2G04040"	0.766882164865912	0	0	10.4285714285714	0.852606204079276	0.0857240392133641	3.31410781848375
"AT5G17220"	0.754916725778411	0	0	39.5	0.780915287244401	0.0259985614659899	4.90866235063071
"ATCG00070"	0.743478122532174	0	0	15.8571428571429	0.801420963583126	0.0579428410509513	3.78985791868565
"AT4G22517"	0.739642629915559	0	0	99	0.75276463155251	0.0131220016369516	5.84213913370652
"AT4G22513"	0.737320821057018	0	0	128.785714285714	0.748465760605816	0.0111449395487978	6.06947562369494
"AT4G35770"	0.736970956272169	0	0	84.9285714285714	0.751509287574042	0.0145383313018725	5.69185734140683
"AT4G22505"	0.732169235418644	0	0	20.5714285714286	0.777881647673314	0.0457124122546698	4.08889281282806
"AT1G52070"	0.726842811024976	0	0	44.4285714285714	0.750464659253857	0.023621848228881	4.98959038019932
"AT5G24770"	0.712225071980683	9.99200722162641e-16	1.28670183751431e-13	9.5	0.805881099509908	0.0936560275292252	3.10512324604755
"AT4G22490"	0.701794206532806	0	0	127.857142857143	0.712986870187956	0.0111926636551498	5.99325019128079
"AT2G41240"	0.697158071249299	0	0	36.5714285714286	0.724872295673077	0.0277142244237783	4.70902831100185
"AT4G26055"	0.682335688307994	1.13219091879557e-08	6.21852818624493e-07	5.35714285714286	0.844882051282051	0.162546362974057	2.37789867415352
"AT2G42530"	0.676901130862273	0	0	18.4285714285714	0.727397114633459	0.0504959837711859	3.84850265115412
"AT1G55010"	0.67477939470234	9.04831765069503e-14	9.56251170201728e-12	8.78571428571429	0.775677888110963	0.100898493408623	2.94255304335532
"AT4G22510"	0.658095867792195	3.27515792264421e-14	3.69033235342646e-12	9.35714285714286	0.753111930898773	0.0950160631065777	2.98662096418401
"AT5G38930"	0.654581638300459	3.97459842815806e-14	4.38178031029454e-12	9.35714285714286	0.749597701407036	0.0950160631065777	2.9798731925668
"AT3G22231"	0.651216145688635	0	0	148.785714285714	0.661477768936844	0.010261623248209	6.01036180226614
"AT4G19112"	0.639482479364602	0	0	13.5714285714286	0.706413807798849	0.0669313284342472	3.39975998875147
"ATCG00905"	0.63430507790132	2.87588952652129e-10	1.98514104073929e-08	6.92857142857143	0.761022588847012	0.126717510945693	2.58632337416204
"AT2G16060"	0.62979694248889	0	0	56.5	0.649349084622011	0.0195521421331211	5.05359568452172
"AT2G42540"	0.615728162284697	0	0	33.6428571428571	0.645456742580358	0.0297285802956615	4.44039793846392
"AT3G02550"	0.612067638560148	0	0	13.5	0.679328901551124	0.0672612629909754	3.33626245961792
"AT2G36854"	0.607204597273021	2.55077070576704e-11	2.02528550752197e-09	8.07142857142857	0.716627408929077	0.109422811656056	2.71130969167819
"AT3G44006"	0.597612469924038	0	0	13.2142857142857	0.666229139742653	0.0686166698186152	3.27938744223911
"AT3G14981"	0.582815564408357	1.61944933574354e-07	7.63582819105661e-06	5.5	0.741258741258741	0.158443176850384	2.22601167940242
"AT1G52000"	0.567059293442229	1.66924696287651e-10	1.20091739244693e-08	8.07142857142857	0.676482105098285	0.109422811656056	2.62813823941888
"AT1G63245"	0.558475331488071	4.2594292626319e-07	1.89192736291511e-05	5.42857142857143	0.718943106754741	0.16046777526667	2.16359400008697
"AT4G13493"	0.554940405154508	7.84927678409986e-14	8.3529387110796e-12	11.1428571428571	0.635462499367825	0.0805220942133172	2.98035039041246
"AT1G26250"	0.553369378169244	1.35110302945662e-08	7.34195135581323e-07	6.71428571428571	0.683985095936205	0.130615717766961	2.38863637365408
"AT4G36850"	0.550847878661599	0	0	61.9285714285714	0.569087031389925	0.0182391527283262	4.96353868506295
"AT1G01580"	0.549299834334445	0	0	38.6428571428571	0.575773623843024	0.0264737895085782	4.44286507579792
"AT4G33560"	0.546901986410973	0	0	29.7142857142857	0.579956332498862	0.033054346087889	4.13303239804643
"AT1G77120"	0.54618520665659	1.11022302462516e-16	1.50558032118194e-14	14.1428571428571	0.610597034839459	0.0644118281828688	3.2448230383745
"AT1G52400"	0.544297217471807	0	0	38.2142857142857	0.571016615492116	0.0267193980203085	4.41757331604503
"AT4G17470"	0.540016029031995	2.4257175306186e-06	8.97867039594188e-05	5	0.713846153846154	0.173830124814159	2.03793505878523
"AT3G27027"	0.535861923035089	3.90957377582879e-09	2.29541412033718e-07	7.42857142857143	0.654358215748748	0.11849629271366	2.46523870393712
"AT3G05727"	0.531503367879013	0	0	213	0.540050220669145	0.00854685279013266	5.9815564894312
"AT1G13609"	0.530666432057638	0	0	55.4285714285714	0.550508105986903	0.0198416739292646	4.79415815903535
"AT5G51720"	0.519978635297491	0	0	41.7142857142857	0.544839918010306	0.0248612827128151	4.45385976812514
"AT4G15700"	0.518038066548269	9.41604678672547e-06	0.000319228984424295	4.71428571428571	0.702126156671611	0.184088090123342	1.93133398226049
"AT5G18661"	0.517630402277256	1.37216249473937e-09	8.58245635485148e-08	8.14285714285714	0.626133484859247	0.108503082581991	2.52873422651948
"AT4G19690"	0.510440224407274	0	0	146.142857142857	0.520804708487993	0.0103644840807195	5.6510222822395
"AT5G35480"	0.504669955073384	1.03940917761669e-07	5.0626749690337e-06	6.64285714285714	0.636640963383939	0.131971008310556	2.27025895739167
"AT5G63160"	0.49610709517218	0	0	81.8571428571429	0.511019317630978	0.0149122224587986	5.09881063683928
"AT2G16005"	0.491664187374552	0	0	17.7857142857143	0.543820012828577	0.0521558254540252	3.38222893802026
"AT4G29030"	0.485120118906999	0	0	35.9285714285714	0.513248388549267	0.028128269642268	4.18956448201063
"AT5G38940"	0.484160289518054	1.11022302462516e-16	1.50558032118194e-14	16.7142857142857	0.53936625139781	0.0552059618797555	3.28836927167142
"AT2G47880"	0.483701169147592	2.88657986402541e-15	3.59625608425409e-13	14.7857142857143	0.54551133946219	0.0618101703145977	3.14169304051483
"AT3G22235"	0.47886123838598	0	0	50.9285714285714	0.500051976176602	0.0211907377906221	4.56057233512371
"AT3G56980"	0.46937319601942	0	0	31.3571428571429	0.500935389660542	0.0315621936411215	3.98835515310504
"AT5G54370"	0.462640833906774	0	0	21.1428571428571	0.507241388998146	0.0446005550913715	3.50753889787235
"ATCG00640"	0.454845746292022	3.09635650452833e-11	2.39639227653496e-09	11.2857142857143	0.534406468391407	0.0795607220993845	2.74780919476672
"AT3G56970"	0.45423457746782	0	0	24.5714285714286	0.493249989599368	0.0390154121315474	3.66020297571092
"AT5G15120"	0.447354500977526	4.35129710041338e-12	3.92231039804321e-10	12.5	0.519630769230769	0.0722762682532428	2.84589293610659
"AT1G47600"	0.445054663398237	0	0	25.1428571428571	0.483287309281627	0.0382326458833902	3.66000416111309
"AT4G14090"	0.44498749216854	2.4284130262231e-11	1.94832467088182e-09	11.7142857142857	0.521804786528166	0.0768172943596253	2.76400712247652
"AT5G04238"	0.444900959090146	8.77076189453874e-15	1.04188492458846e-12	15.8571428571429	0.502843800141097	0.0579428410509513	3.11740799136996
"AT2G14247"	0.441362550270746	0	0	112.928571428571	0.453430206959727	0.0120676566889805	5.23166304056881
"AT2G14580"	0.441311700482813	9.14089427918041e-05	0.00252843075693431	4.57142857142857	0.631009615384615	0.189697914901802	1.73395816810104
"AT4G33070"	0.441008014950296	4.30107584653561e-05	0.00129999381207715	4.92857142857143	0.617291131468825	0.176283116518529	1.80805675708639
"AT4G02380"	0.439471392351429	0	0	1501.5	0.444608714031599	0.00513732168016958	6.43537600150352
"AT1G52050"	0.432709897545785	2.91839936439331e-07	1.32312283609358e-05	7.42857142857143	0.551206190259445	0.11849629271366	2.21775016662377
"AT5G59330"	0.432709897545785	2.91839936439331e-07	1.32312283609358e-05	7.42857142857143	0.551206190259445	0.11849629271366	2.21775016662377
"AT5G35190"	0.431414039578962	4.79036443623571e-07	2.09735841773931e-05	7.21428571428571	0.553294171762949	0.121880132183987	2.18258375713855
"AT5G45650"	0.425692962515988	1.91970883633985e-11	1.57313466353326e-09	12.5	0.497969230769231	0.0722762682532428	2.78446267731772
"AT1G31690"	0.424546722740574	4.18665102586147e-13	4.11257950771161e-11	14.6428571428571	0.4869152976708	0.0623685749302266	2.96477962718684
"AT1G02850"	0.419398722942336	0	0	57.4285714285714	0.438708676289429	0.0193099533470933	4.50584665479815
"AT1G49860"	0.412258038429467	0	0	70.7857142857143	0.428787285523135	0.0165292470936682	4.69716921082335
"AT5G45080"	0.407126332737851	3.01525474972753e-05	0.000931567818242431	5.57142857142857	0.563596823951854	0.156470491214002	1.84877287681858
"AT4G30140"	0.399410851772037	0	0	41.5714285714286	0.424341851273513	0.0249309995014755	4.08921434557251
"AT5G03545"	0.395643182893586	0	0	27.1428571428571	0.431395695717025	0.0357525128234396	3.59289523327562
"AT5G56840"	0.393020209228794	3.25354077013174e-10	2.21587816717772e-08	12.1428571428571	0.467287729571467	0.0742675203426726	2.65350783895235
"AT5G60530"	0.39263947870524	2.65392152698496e-11	2.08557402459064e-09	13.6428571428571	0.459244327394871	0.0666048486896315	2.7855627898912
"ATCG00330"	0.385143311736385	0	0	26.4285714285714	0.421738495252009	0.0365951835156236	3.52662302783836
"AT5G64110"	0.384538311144418	1.67368463532824e-09	1.0259017340708e-07	11.5	0.462701759488149	0.0781634483437307	2.56551656363624
"AT5G39890"	0.384118525564499	3.08536376225632e-06	0.00011338156904752	7.21428571428571	0.505998657748486	0.121880132183987	2.0536705881196
"AT5G10130"	0.38343747794756	0	0	28.7857142857143	0.417410554644329	0.0339730766967682	3.61900329720834
"ATCG01060"	0.380677721023734	3.05287547464062e-08	1.6021323210066e-06	9.92857142857143	0.470488468107639	0.0898107470839046	2.38919936365979
"AT5G48485"	0.380110819006421	0	0	67.9285714285714	0.397142928345348	0.0170321093389274	4.5433292928985
"AT5G26200"	0.369959046823049	3.3846440983254e-08	1.76415939329042e-06	10.2142857142857	0.457385540763701	0.0874264939406522	2.38726830987979
"AT5G56080"	0.365892181547133	1.91966642582031e-09	1.16734001227264e-07	12.1428571428571	0.440159701889806	0.0742675203426726	2.5672237523969
"AT1G51470"	0.364336898792871	8.69320250673766e-07	3.55239027235328e-05	8.42857142857143	0.469316951362341	0.10498005256947	2.16044734522643
"AT5G47990"	0.347748006098464	0	0	27.7142857142857	0.382857656744361	0.0351096506458972	3.4468685639088
"AT1G62500"	0.347342346168389	7.67398367074179e-11	5.7085497946819e-09	15.2142857142857	0.40754022146603	0.0601978752976409	2.75915797798736
"AT1G77760"	0.342806375793516	0	0	273.5	0.350474340421167	0.0076679646276508	5.51432133074235
"AT2G37770"	0.342120737113828	1.89959697938225e-06	7.22299351133639e-05	8.57142857142857	0.44542735042735	0.103306613313523	2.10825753292214
"AT4G37160"	0.342107328339903	9.2731150047487e-05	0.00256038224023007	6.07142857142857	0.486068671812616	0.143961343472713	1.75547868135361
"AT2G41090"	0.33976964979479	0	0	182.785714285714	0.348973261009808	0.00920361121501846	5.24477264684727
"AT1G68600"	0.339160266305644	5.2038041170599e-06	0.000182897005251894	8	0.449519230769231	0.110358964463586	2.02617901207417
"AT3G28550"	0.33781070873332	1.15755183216493e-11	9.96535071690749e-10	17.2142857142857	0.3915460239215	0.0537353151881793	2.86523944445314
"AT5G45070"	0.335890827076633	5.45785638905727e-13	5.32714594305182e-11	19.7857142857143	0.383236906715644	0.0473460796390107	3.01691962568239
"AT3G02240"	0.333690637291271	4.15253342822552e-07	1.84980878645721e-05	9.85714285714286	0.424119044156851	0.0904284068655805	2.22962131335813
"AT4G33610"	0.333235990466158	1.46418344115773e-09	9.08386520336075e-08	13.8571428571429	0.398881594545321	0.0656456040791624	2.60319024497945
"AT4G15160"	0.327757869016714	7.39408534400354e-14	7.92356390290282e-12	22.2142857142857	0.370427868261844	0.0426699992451301	3.1178986502907
"AT3G01940"	0.326337080738178	4.78303542883474e-05	0.00143154755686452	6.85714285714286	0.454326923076923	0.127989842338745	1.82770148284373
"AT5G57080"	0.322183268865536	1.15796261468404e-13	1.20711694608287e-11	22.3571428571429	0.364609841260619	0.0424265723950822	3.10331346758226
"AT1G25470"	0.320208816007033	1.28475754923585e-07	6.15238271390317e-06	11.2142857142857	0.400247162468754	0.0800383464617205	2.32212790730981
"AT3G20380"	0.318385472561282	3.36845496418103e-06	0.00012319380398833	8.92857142857143	0.417742769230769	0.0993572966694871	2.07191703057933
"AT3G06390"	0.316821851657214	1.59423585444074e-11	1.32772120833967e-09	18.5	0.367140529302691	0.0503186776454772	2.86716647054134
"AT2G28780"	0.315121804767183	1.4309190070616e-05	0.0004685342492353	8	0.425480769230769	0.110358964463586	1.94689010226953
"AT5G09670"	0.313979107371241	1.1672440791699e-11	9.99265266435733e-10	19	0.363093969742169	0.0491148623709286	2.88611140857274
"AT3G18200"	0.310250139382148	0.000186555631738861	0.00486186819858214	6.28571428571429	0.449459631277813	0.139209491895665	1.69093396065234
"AT1G74770"	0.309202938681534	6.10239354603692e-08	3.07608811511414e-06	12.2857142857143	0.382660065731996	0.0734571270504628	2.38108897205057
"AT4G30270"	0.308783546218167	0	0	135.642857142857	0.319596290261819	0.010812744043652	4.8854460623119
"AT2G39530"	0.307967136857072	1.18375309554608e-11	1.0044941600422e-09	19.5	0.355939918070096	0.0479727812130236	2.89134575071948
"AT5G04150"	0.304585270208296	6.25790231856271e-08	3.14413426654607e-06	12.5	0.376861538461538	0.0722762682532428	2.38244064025922
"AT2G40610"	0.299312673824347	1.18646203972617e-11	1.0044941600422e-09	20.2857142857143	0.345604504600736	0.0462918307763887	2.90029249625843
"AT1G66800"	0.297398179226862	0.000339154715226497	0.00840971983192693	6.14285714285714	0.439738736115156	0.142340556888294	1.62729983817032
"AT5G63660"	0.288950775725789	0	0	59.0714285714286	0.307850893654391	0.0189001179286017	4.02576461514732
"AT2G45220"	0.286763589454443	1.01799595864094e-07	4.99992630455568e-06	13.0714285714286	0.356080182470938	0.0693165930164948	2.36092949382899
"AT1G51840"	0.285954879403823	1.52922041696257e-08	8.28048539559522e-07	14.7857142857143	0.347765049718421	0.0618101703145977	2.49219680408691
"AT1G23720"	0.285526501355857	3.00088377480634e-08	1.58025920842379e-06	14.2142857142857	0.349637635413247	0.0641111340573903	2.44721365282734
"AT5G43180"	0.283850624505355	8.21507306625335e-10	5.31172066106609e-08	17.6428571428571	0.336391730349999	0.0525411058446437	2.67862376905483
"AT1G14960"	0.283322432643441	1.5514034501507e-11	1.29910964317537e-09	21.6428571428571	0.326998274846525	0.0436758422030838	2.90437559640748
"AT1G13590"	0.281336797575636	3.17610715505623e-10	2.17279759125365e-08	18.7857142857143	0.330959734073846	0.0496229364982096	2.73757668736071
"AT4G12510"	0.280207596686398	0	0	142.214285714286	0.290732047255186	0.0105244505687882	4.7878732836628
"AT2G01520"	0.274744411770528	0	0	114.214285714286	0.286727708690544	0.0119832969200159	4.58058453878206
"AT5G59090"	0.27465789092146	4.44089209850063e-16	5.86657159632962e-14	35.7857142857143	0.302880190792988	0.028222299871528	3.42383976003635
"AT1G15380"	0.274587577545943	0	0	53.7857142857143	0.294895604017681	0.0203080264717381	3.86008236557132
"AT3G25190"	0.274299510217892	0	0	48.4285714285714	0.296348059837761	0.0220485496198693	3.74853695055027
"AT5G02780"	0.271310073732029	8.04532773734934e-10	5.22400856979412e-08	18.7857142857143	0.320933010230239	0.0496229364982096	2.69319317252179
"AT4G22460"	0.271108347131373	5.39738318261485e-07	2.34304532267393e-05	12.5	0.343384615384615	0.0722762682532428	2.24823147947598
"AT4G16690"	0.270871808019392	1.7854435120368e-06	6.84003409461298e-05	11.4285714285714	0.349495192307692	0.0786233842883001	2.15224223986885
"AT5G09530"	0.269953634672479	1.11022302462516e-16	1.50558032118194e-14	38.5	0.296508686119076	0.0265550514465966	3.48101613908053
"AT5G62340"	0.269897526270698	2.09697184061497e-08	1.12356631068475e-06	15.6428571428571	0.328571451483818	0.0586739252131201	2.48541571973681
"AT4G00651"	0.268674669855307	0.000201881434434781	0.00523457039133432	7.35714285714286	0.388277007185481	0.119602337330175	1.6988406932074
"AT2G05540"	0.267162331780423	0	0	63.3571428571429	0.285093356988666	0.017931025208243	3.99090454125511
"AT1G50060"	0.26429594422209	4.65845190200653e-08	2.38749555004509e-06	15.2857142857143	0.324233893453913	0.0599379492318231	2.43549328116036
"AT1G32450"	0.262957765366311	0	0	64.5714285714286	0.280637601884371	0.01767983651806	3.98853148518386
"AT3G15450"	0.262887894007228	0	0	396	0.26959866732594	0.00671077331871191	5.32819052925546
"AT5G58570"	0.261025171480022	0	0	44.1428571428571	0.284770308712245	0.0237451372322225	3.58409473378962
"ATCG00340"	0.260452251444291	2.43138842392909e-13	2.45122343475588e-11	29.7857142857143	0.293438298614014	0.0329860471697229	3.15312936885563
"AT4G11210"	0.259967801276533	0.000325454264707092	0.0081225751667288	7.21428571428571	0.38184793346052	0.121880132183987	1.64753524615641
"AT2G19590"	0.259185882693248	2.55453174732301e-05	0.000797263635355963	9.57142857142857	0.352177116712648	0.0929912340193999	1.92113454114878
"AT3G57157"	0.259092600773235	2.48242537637111e-11	1.98128575351619e-09	24.0714285714286	0.298823419446125	0.0397308186728899	2.9109627934498
"AT1G67148"	0.257710562606199	1.35828739789012e-06	5.2962839911624e-05	12.4285714285714	0.330375926095308	0.0726653634891084	2.18476880269084
"AT3G54040"	0.257086769689105	0	0	104.571428571429	0.26975332887722	0.0126665591881149	4.4125441819142
"AT2G05380"	0.255994797227217	0	0	653.857142857143	0.26186278654517	0.00586798931795286	5.47980099715632
"AT1G22160"	0.255030996414937	2.48745700470732e-06	9.18500991328552e-05	12	0.330128205128205	0.0750972087132683	2.13619521286432
"AT3G58810"	0.254855165912927	5.17266400823502e-08	2.63341871302968e-06	15.9285714285714	0.312558683448908	0.0577035175359813	2.43739591217426
"AT5G13580"	0.25455220484947	0.000116045792175612	0.00312528245922509	8.35714285714286	0.360390431396349	0.105838226546879	1.76769991440032
"AT2G47540"	0.254139066613482	2.49155450493532e-07	1.14656400100988e-05	14.3571428571429	0.317657788363959	0.0635187217504772	2.32221960658833
"AT4G12545"	0.253613018929614	1.11022302462516e-16	1.50558032118194e-14	43.7142857142857	0.277546111456146	0.0239330925265322	3.53564874784896
"AT3G25760"	0.253564795030878	2.69272049102653e-10	1.86711533051994e-08	21.9285714285714	0.296731163032132	0.0431663680012538	2.78117683288198
"AT1G02930"	0.25273982453889	1.11022302462516e-16	1.50558032118194e-14	43.3571428571429	0.276832384901616	0.0240925603627258	3.52235309996812
"AT1G47400"	0.252425594352364	0	0	78.3571428571429	0.267799610555066	0.0153740162027021	4.1225878634901
"AT3G54580"	0.251306379638584	1.88843364612445e-07	8.76919914945792e-06	14.8571428571429	0.31284137460173	0.0615349949631459	2.34595231792512
"AT1G73120"	0.250909451992259	2.98268287846071e-09	1.77157490036945e-07	19.4285714285714	0.299041788661166	0.0481323366689074	2.63526873514273
"AT5G01740"	0.25016545915441	2.61180078675594e-08	1.39453781380655e-06	17.0714285714286	0.304312168635272	0.0541467094808617	2.49060645214481
"AT2G20670"	0.250105804282059	2.78999046088302e-13	2.79436691650793e-11	31.5714285714286	0.281484818083168	0.0313790138011091	3.16518519625021
"AT2G36030"	0.249771615754102	2.99569638481101e-05	0.000929272295563642	9.85714285714286	0.340200022619682	0.0904284068655805	1.91153528476516
"AT4G15440"	0.246712546631139	9.63612056433805e-05	0.00265105765759275	8.85714285714286	0.346834227167214	0.100121680536075	1.79249186535727
"AT5G46900"	0.245931541632618	5.13059676299221e-07	2.23355865897991e-05	14.2142857142857	0.310042675690008	0.0641111340573903	2.27381997451296
"AT5G48000"	0.245005229372534	1.68198788230711e-13	1.71831882056495e-11	33.4285714285714	0.274895058918728	0.0298898295461938	3.20115440062349
"AT1G11080"	0.243263448097944	3.8558467529981e-08	1.98946113275902e-06	17.2857142857143	0.296795616104407	0.0535321680064621	2.47099179557088
"AT3G01260"	0.243260040689434	9.04850177058103e-05	0.00250740038214075	9.07142857142857	0.341124682249365	0.0978646415599304	1.80143953148613
"AT1G55990"	0.243020619764929	1.4057206584317e-06	5.46732572837749e-05	13.3571428571429	0.31095233800487	0.0679317182399416	2.19453621386184
"AT5G53450"	0.242806211713728	0	0	177.142857142857	0.252157308092532	0.00935109637880416	4.75304470309648
"ATCG00350"	0.24160186619544	7.91529064514407e-11	5.85960936455013e-09	25.1428571428571	0.27983451207883	0.0382326458833902	2.87169695131971
"AT4G30460"	0.241335696402382	1.96134926578884e-05	0.000630098871047131	10.7142857142857	0.324895726495727	0.0835600300933446	1.95909185026422
"AT3G15356"	0.241189959525775	0	0	185.285714285714	0.250331100814008	0.00914114128823222	4.77531943086563
"AT5G07475"	0.240372243344483	1.12203457636184e-09	7.19416646366898e-08	21.8571428571429	0.283664731184916	0.0432924878404323	2.71199817375649
"AT1G08115"	0.240126044189773	2.12019291012666e-12	1.95721904546873e-10	30.5714285714286	0.272381867412001	0.0322558232222276	3.07799912325807
"AT5G49360"	0.238881920653285	6.66133814775094e-16	8.65070726916402e-14	44.9285714285714	0.262291786279442	0.0234098656261565	3.48598407158012
"AT3G48450"	0.238709108690284	1.87183867195184e-06	7.13533726591792e-05	13.3571428571429	0.306640826930226	0.0679317182399416	2.17439254306893
"AT1G66100"	0.237662710180403	5.21804821573824e-15	6.39690966863782e-13	41.3571428571429	0.26269918793208	0.0250364777516767	3.39130822415291
"AT4G12480"	0.235484797278371	0	0	95.4285714285714	0.248926720488089	0.013441923209718	4.210909629245
"AT2G25510"	0.230957014351264	0	0	379.571428571429	0.237760284377616	0.0068032700263518	5.12713558454682
"AT1G73330"	0.229058023235438	0	0	224.714285714286	0.23739775666298	0.00833973342754204	4.83116122189522
"AT3G53480"	0.228015131476217	2.00632843672111e-11	1.6353711151231e-09	29.5714285714286	0.261207065239831	0.0331919337636149	2.97628933158338
"AT1G10657"	0.226656004426505	1.23671583751594e-07	5.9408882426628e-06	17.5714285714286	0.279392099737132	0.0527360953106275	2.40542856664157
"AT5G58390"	0.226420477641564	6.37065053209485e-05	0.0018633277258226	10.2857142857143	0.313271604938272	0.0868511272967076	1.85079752935014
"AT4G14630"	0.226245878061768	1.50966767276106e-06	5.84195641853296e-05	14.5714285714286	0.2888977612161	0.0626518831543325	2.20512924491624
"AT1G74670"	0.225128526232396	0	0	172.428571428571	0.234610239158411	0.00948171292601516	4.62897445461515
"AT5G64120"	0.224878574416822	1.66533453693773e-15	2.10905673091189e-13	48.3571428571429	0.246952936226362	0.0220743618095403	3.48379248827961
"AT3G17790"	0.224564618683206	0.000208668827607728	0.00538323419909228	9.07142857142857	0.322429260243136	0.0978646415599304	1.72012305925909
"AT3G22620"	0.223732086309254	0	0	62.2142857142857	0.241908481492158	0.018176395182904	3.73432334034372
"AT5G05500"	0.223612385205983	7.3309121217946e-08	3.63556302117736e-06	18.5714285714286	0.273755120619026	0.0501427354130431	2.4487733446376
"AT3G16440"	0.223290998326808	2.0985988109512e-06	7.90145655504084e-05	14.4285714285714	0.286517913025118	0.0632269146983097	2.18001461197611
"ATCG00720"	0.222021312119577	1.35194142614203e-06	5.2850914344515e-05	15.0714285714286	0.282746430811389	0.0607251186918116	2.21914350294773
"AT5G20150"	0.221746441481487	1.33599922751415e-05	0.000441225262121268	12.3571428571429	0.29480539841728	0.0730589569357932	2.01262988144356
"AT3G55230"	0.22168467777564	5.43918243778307e-11	4.12623919191029e-09	29.2857142857143	0.255155813847069	0.0334711360714293	2.9303890899223
"AT4G15390"	0.219112239351596	1.88737914186277e-15	2.37067196474631e-13	50.5	0.240443998702993	0.0213317593513971	3.49462605515065
"AT1G29440"	0.217296073406133	0.000346359924359718	0.00853843898400101	8.85714285714286	0.317417753942208	0.100121680536075	1.66462841196352
"AT5G48010"	0.21670980632462	5.02648256350824e-10	3.32007839668967e-08	26.7142857142857	0.252962514050907	0.0362527077262868	2.80276295139099
"AT5G14780"	0.216090075159498	0	0	108.071428571429	0.228494539015955	0.0124044638564568	4.20322839972707
"AT3G48340"	0.215605786497832	1.71644354285405e-09	1.0479195558046e-07	25	0.254030769230769	0.0384249827329374	2.72488673589617
"AT1G68850"	0.215476874231244	0.000292921617685571	0.00734653170116807	9.14285714285714	0.312612680288462	0.0971358060572171	1.68630119563891
"AT4G17670"	0.215413473601989	0.000141245848529925	0.0037447255759041	10	0.304615384615385	0.0892019110133955	1.77184228394522
"AT3G25770"	0.214554574601945	0	0	228.214285714286	0.222836550353577	0.00828197575163262	4.74986709852899
"AT4G20390"	0.213654080229455	3.13971071363994e-13	3.12421603739081e-11	41	0.238868805198371	0.0252147249689158	3.24388006475401
"AT4G08770"	0.211857150353324	1.1783113385011e-07	5.67812671421098e-06	19.3571428571429	0.260150220009154	0.0482930696558309	2.4294568537374
"AT4G38080"	0.210813224464335	0	0	150.357142857143	0.22101540145469	0.010202176990355	4.437197967827
"AT3G23550"	0.210795610558913	9.30642428942363e-06	0.000316914768469173	13.6428571428571	0.277400459248545	0.0666048486896315	2.05827106478195
"AT3G18000"	0.210485433329133	1.11231340804707e-08	6.13132757730695e-07	23	0.251854006107314	0.0413685727781814	2.60598058900488
"AT5G66390"	0.210172319124633	1.82033277340565e-11	1.50782591457666e-09	33.9285714285714	0.239689068825911	0.0295167497012781	3.02155834558164
"AT4G36570"	0.20981423546296	5.1048262924569e-06	0.000180245064759469	14.5	0.272752218055429	0.0629379825924689	2.11558808828086
"AT3G23290"	0.209661728513576	0.000222572761545803	0.00569399832709162	9.78571428571429	0.300716812091952	0.0910550835783757	1.72359405672021
"AT5G25980"	0.209582295702287	0	0	274.142857142857	0.217243004361534	0.00766070865924664	4.82568805419093
"AT2G47200"	0.208189533474075	1.54173331277097e-05	0.000502670665636219	13.2142857142857	0.27680620329269	0.0686166698186152	2.01224526026597
"AT3G62040"	0.207824161813547	0	0	125.714285714286	0.219129648760331	0.0113054869467837	4.27668965969072
"AT1G03495"	0.207556099832966	9.31291766481657e-07	3.77542725649865e-05	17	0.261911099281341	0.0543549994483753	2.26859255733065
"AT3G23430"	0.206076685808573	2.09896544589583e-11	1.69287086804777e-09	34.7857142857143	0.234978822306846	0.0289021364982725	3.02328268995548
"AT5G65010"	0.204550605894417	0	0	464.357142857143	0.210946784253351	0.00639617835893366	5.04352511528247
"AT5G15265"	0.204035887856608	6.01961650908978e-05	0.00177393468048638	11.7857142857143	0.280415342233524	0.0763794543769162	1.87630876591125
"AT5G09480"	0.20327521895175	5.6710192097853e-13	5.46557851388364e-11	43.5	0.227303677957661	0.024028459005911	3.24180499474783
"AT2G35380"	0.202438491628	1.42235385025558e-07	6.76899080786225e-06	20.3571428571429	0.248583942988375	0.0461454513603755	2.42947275910705
"AT4G22666"	0.202214962060306	2.25953419086267e-06	8.44514681482427e-05	16.3571428571429	0.258526431902226	0.0563114698419198	2.19881107639565
"AT3G08770"	0.201608589151173	0	0	124.285714285714	0.212991452991453	0.0113828638402797	4.22586005924246
"AT2G43610"	0.200621256717913	1.1260137267044e-10	8.2559972957025e-09	33	0.230839867203504	0.0302186104855907	2.93338317714589
"AT5G09520"	0.200110054719293	4.41017731789284e-06	0.000158642153097159	15.6428571428571	0.258783979932413	0.0586739252131201	2.14095689493903
"AT2G32300"	0.200100618376279	8.16124245361927e-06	0.000281673151710049	14.7857142857143	0.261910788690877	0.0618101703145977	2.08315934331571
"AT4G28940"	0.198487993571867	3.13455878808711e-07	1.41276408437196e-05	19.7142857142857	0.245989045610974	0.0475010520391063	2.37256269958227
"AT2G34070"	0.198403864721792	5.68622926522266e-12	5.06603356164373e-10	40	0.224134615384615	0.0257307506628229	3.12280002445883
"AT3G62680"	0.197960645154449	5.77490977038408e-07	2.46503390867314e-05	18.8571428571429	0.247412940594759	0.0494522954403096	2.322811566865
"AT1G78460"	0.197808508272661	0	0	144.071428571429	0.208256251063928	0.0104477427912671	4.31709661005793
"AT3G13610"	0.196973091009432	5.50004486399303e-13	5.3343473098626e-11	46.2142857142857	0.219858921038303	0.0228858300288714	3.26405155079648
"AT3G04210"	0.196270312654253	7.97129977170297e-05	0.00225789644550049	12	0.271367521367521	0.0750972087132683	1.85341687173211
"AT4G25820"	0.196221923360319	2.49086851145108e-09	1.48521669531037e-07	28.2142857142857	0.230790430527652	0.034568507167333	2.73905319783444
"AT1G09560"	0.196142909674254	0	0	363.714285714286	0.203043384171275	0.00690047449702065	4.87894864072371
"AT1G74460"	0.195950755624556	2.47714448953218e-09	1.4828032092809e-07	28.2857142857143	0.230443518322306	0.0344927626977504	2.74004759841126
"AT5G10580"	0.194308365556226	6.10422823399404e-12	5.40700540218061e-10	41.3571428571429	0.219344843307903	0.0250364777516767	3.13109727308746
"AT4G08555"	0.194218824635511	5.61614942473643e-06	0.000196488296312011	15.9285714285714	0.251922342171493	0.0577035175359813	2.12624790407507
"AT3G01190"	0.192729430365298	2.79776202205539e-14	3.19947053925201e-12	56.9285714285714	0.212168811307048	0.0194393809417498	3.44815841516355
"AT3G05890"	0.192097747409112	0	0	226.857142857143	0.200401907446715	0.00830416003760271	4.59291818254528
"AT3G29250"	0.190390625867876	1.63742353009866e-10	1.18357915920905e-08	35.2142857142857	0.21899667588397	0.0286060500160943	2.93651676540926
"AT1G02360"	0.190143576013537	1.35880773299846e-09	8.58245635485148e-08	30.8571428571429	0.222143083254194	0.0319995072406572	2.79536762726942
"AT2G22510"	0.189789679042396	1.18460796727504e-12	1.12055138830387e-10	47.5	0.212179842318346	0.0223901632759507	3.24435064876012
"AT3G15650"	0.18840065482368	8.81517981422553e-05	0.00244717057016652	12.5	0.260676923076923	0.0722762682532428	1.85066894675177
"AT2G43120"	0.186938584489965	0.000246316130024904	0.00628044654991951	11.1428571428571	0.267460678703282	0.0805220942133172	1.73187020686688
"AT2G48140"	0.186662218632235	5.18712028885204e-09	2.99952570967429e-07	29.0714285714286	0.220346357938495	0.0336841393062607	2.70963170948032
"AT5G43350"	0.186383577987961	2.22044604925031e-16	2.95879263119233e-14	80.6428571428571	0.201451473546126	0.0150678955581651	3.74088251470056
"AT2G28160"	0.186189118963909	8.09170725535324e-07	3.33326134357616e-05	20	0.233076923076923	0.0468878041130138	2.31352155013423
"AT1G22500"	0.18445722115274	3.38619243756e-10	2.28590365256253e-08	35.5	0.212869851830376	0.0284126306776358	2.90536731981177
"AT1G19070"	0.184324494417383	4.74708002439206e-05	0.0014235666202306	13.7857142857143	0.25028653324715	0.0659620388297662	1.92387277137508
"AT4G40090"	0.183915733872233	2.16552220599908e-10	1.53631769836713e-08	36.7142857142857	0.2115399173341	0.0276241834618672	2.93692619800356
"AT4G04745"	0.183861508758581	2.35013808413953e-09	1.41467930865205e-07	31.4285714285714	0.215362364907819	0.0315008561492386	2.77330321278113
"AT2G37130"	0.182693010244157	1.11022302462516e-16	1.50558032118194e-14	89.6428571428571	0.196707305012253	0.0140142947680957	3.81107948365265
"AT1G80240"	0.18218767392516	4.55250392938922e-10	3.02002468458703e-08	35.5714285714286	0.210552435258488	0.0283647613333286	2.89200793182298
"AT2G23540"	0.182014925292852	2.00149896656399e-10	1.43322290484236e-08	37.5714285714286	0.209113242148272	0.0270983168554208	2.94800927378498
"AT1G05340"	0.18199114098096	2.10314734901962e-05	0.000665880784635881	15.2857142857143	0.241929090212783	0.0599379492318231	2.01304262512104
"AT5G02490"	0.181620002945548	0.000108815380577054	0.00296178844043122	12.7857142857143	0.252383364583358	0.0707633616378102	1.83454233019223
"ATCG00270"	0.181215600128879	3.34790412281905e-07	1.50449509613135e-05	22.3571428571429	0.223642172523962	0.0424265723950822	2.39815223049527
"AT5G37690"	0.180814774230526	5.41949440879819e-09	3.1221177564069e-07	30.5	0.213135426787671	0.0323206525571446	2.72124218222522
"AT1G21310"	0.18036948356795	0	0	301.285714285714	0.187752083087862	0.00738259951991199	4.6685562046371
"AT5G58860"	0.180365996717369	7.78331976647451e-09	4.35297781392173e-07	29.8571428571429	0.213284071758008	0.0329180750406389	2.69582434950474
"AT1G77330"	0.179984112810077	2.86223267309538e-11	2.22643926307175e-09	43.3571428571429	0.204076673172803	0.0240925603627258	3.08245166083444
"AT2G36100"	0.179763105499134	4.3195447219091e-12	3.9167280070139e-10	48.8571428571429	0.201658366939992	0.0218952614408585	3.20322268382558
"AT4G15490"	0.179737237356221	1.21684979935699e-05	0.000407139876099269	16.4285714285714	0.235823760360622	0.0560865230044011	2.07198303069915
"AT4G30290"	0.179206613597713	6.0693632719655e-07	2.58331208418393e-05	21.6428571428571	0.222882455800797	0.0436758422030838	2.35137563121202
"AT3G25820"	0.177405570961866	7.21644966006352e-15	8.70747044022152e-13	74.2142857142857	0.193382492363244	0.0159769214013778	3.59739584143347
"AT3G58550"	0.175323441102459	5.48072698336455e-12	4.91150060193441e-10	50.5714285714286	0.196631530874565	0.021308089772105	3.20602151449154
"AT4G36670"	0.174426836929648	9.81072577660447e-05	0.00269425737994062	13.6428571428571	0.241031685619279	0.0666048486896315	1.8555237018554
"AT3G25930"	0.173985587873221	2.4039004120624e-10	1.68978761075432e-08	40.2142857142857	0.199603601128671	0.0256180132554507	2.96190724882828
"AT5G50562"	0.172589955274459	3.49537414567891e-08	1.81569875960622e-06	28.7142857142857	0.206636164756013	0.0340462094815546	2.60152668133261
"AT1G43310"	0.172297245445433	0.000337361169958084	0.00837880481108213	11.8571428571429	0.248244135020155	0.0759468895747217	1.7086968481663
"AT5G57625"	0.172078355562367	6.68481459220605e-06	0.000231760404549696	18.5	0.222397033207844	0.0503186776454772	2.14397162815079
"AT1G44800"	0.171810246120998	7.32747196252603e-15	8.77235784013664e-13	80.2142857142857	0.186934210414758	0.0151239642937602	3.62762236417239
"AT1G20070"	0.169302972683087	4.20491959541858e-05	0.00127596411643949	15.6428571428571	0.227976897896207	0.0586739252131201	1.95809622101803
"AT5G57090"	0.168558969685766	1.52630056426961e-06	5.89144328636462e-05	21.8571428571429	0.211851457526198	0.0432924878404323	2.29086444062801
"AT4G13580"	0.168495207623429	3.63437878270201e-05	0.00111386440932251	16	0.225961538461538	0.0574663308381092	1.97528838568575
"AT4G17215"	0.16777540535983	4.75905913122077e-07	2.0896224105108e-05	24.3571428571429	0.207093823780987	0.0393184184211566	2.39700733257171
"AT4G08870"	0.167669602214824	7.4140437659076e-05	0.00211964191546209	14.8571428571429	0.22920459717797	0.0615349949631459	1.89715697076316
"AT2G30766"	0.166889113713699	0	0	252.071428571429	0.174820121760026	0.00793100804632624	4.46222319118372
"AT1G07050"	0.16676513551864	6.87607487614983e-08	3.43221405218632e-06	28.7857142857143	0.200738212215409	0.0339730766967682	2.56285148829702
"AT1G47395"	0.166066539574885	1.11022302462516e-16	1.50558032118194e-14	114.214285714286	0.178049836494901	0.0119832969200159	3.8931843196744
"AT2G25810"	0.166006162560268	5.03315225053313e-08	2.57093416957233e-06	29.7142857142857	0.199060508648157	0.033054346087889	2.59029515574517
"AT5G23020"	0.165580287387725	1.50646162211387e-11	1.26840757677324e-09	53.1428571428571	0.186078648487597	0.0204983610998725	3.1823320514547
"AT2G48130"	0.164995378199952	5.94075455495613e-09	3.39687025373686e-07	35.2857142857143	0.19355277972859	0.0285574015286379	2.76079040925283
"AT1G06570"	0.164457297586721	0.000132671007859964	0.00354808119449578	14.2142857142857	0.228568431644112	0.0641111340573903	1.83397932805066
"AT3G02470"	0.163927567900048	0	0	169.785714285714	0.173485678209907	0.00955811030985832	4.18194734068685
"AT1G18970"	0.163512158607895	6.88660561487531e-05	0.00198690236166527	15.5	0.222684703433923	0.0591725448260278	1.91200261317981
"AT1G49032"	0.163433687108602	2.93387578675919e-08	1.55566479433556e-06	31.7857142857143	0.194631990910239	0.0311983038016363	2.64120936036005
"AT1G31580"	0.162588274251246	0	0	577.142857142857	0.16862830190102	0.00604002764977397	4.80314772868132
"AT5G46890"	0.161988404695273	7.98083821251794e-12	6.98847798677856e-10	58.0714285714286	0.181135226055638	0.019146821360365	3.24189033033449
"AT1G65970"	0.161622134226583	2.41347912732781e-05	0.000756322170698801	17.7142857142857	0.213969823100936	0.0523476888743533	2.0312095933636
"AT5G08210"	0.161555420933123	4.61205241569784e-05	0.00138578610231674	16.5	0.217418944691672	0.0558635237585493	1.96049917045976
"AT3G45140"	0.160700737285915	0	0	158.142857142857	0.170625812064991	0.00992507477907597	4.10361413001027
"AT2G21045"	0.160426940312954	1.14352971536391e-14	1.34795764294128e-12	93.4285714285714	0.174058703222915	0.0136317629099615	3.67452989902641
"AT3G54770"	0.160396079990672	7.08239527257293e-05	0.00203622186035474	15.8571428571429	0.218338921041624	0.0579428410509513	1.91386699809368
"AT5G23940"	0.158970840021736	4.52468844502896e-07	1.99816500667504e-05	26.5714285714286	0.195393865008849	0.0364230249871129	2.42346251977048
"AT4G39800"	0.157946657795009	5.72764058404118e-13	5.48564776936544e-11	73.7857142857143	0.173989812831559	0.0160431550365496	3.43897304392812
"AT2G26980"	0.157487464430954	7.34967642301854e-14	7.92356390290282e-12	86	0.171901651620419	0.014414187189465	3.57602201499284
"AT4G00080"	0.156760197267744	1.51940930102068e-05	0.000496448360956096	19.4285714285714	0.204892533936652	0.0481323366689074	2.08978904677009
"AT3G49960"	0.156281378112857	8.51625561947289e-05	0.00237710566689986	16.0714285714286	0.213512630579297	0.0572312524664404	1.89944633188479
"AT1G19670"	0.156266241080835	5.69711688935826e-09	3.26976101919573e-07	38.9285714285714	0.182579295967058	0.0263130548862226	2.7946725196335
"AT1G64780"	0.156192965406841	6.14466637383071e-06	0.000214001971619504	21.4285714285714	0.200259829059829	0.0440668636529883	2.18410692882974
"AT5G12940"	0.155952272702056	8.62823388292355e-07	3.53526887759146e-05	25.8571428571429	0.193255113373547	0.0373028406714908	2.37314918386462
"AT1G52342"	0.155486349064673	6.31152698105097e-07	2.67176352092887e-05	26.7142857142857	0.19173905679096	0.0362527077262868	2.40298358088112
"AT2G39570"	0.155416114151062	0	0	222.428571428571	0.163794548014981	0.00837843386391876	4.28906293289803
"AT5G17820"	0.15531773897962	2.03836947321179e-13	2.06860753692036e-11	82.8571428571429	0.170105186133724	0.0147874471541035	3.52398220834874
"AT5G40850"	0.15441410581277	0	0	438.785714285714	0.160916494207578	0.00650238839480798	4.6291986696873
"AT3G51330"	0.154131319315692	3.19561656954015e-05	0.000983325869711511	18.3571428571429	0.204805989026795	0.0506746697111024	2.01492121828357
"AT4G26010"	0.154079644978062	5.50627839324136e-07	2.37685098867692e-05	27.4285714285714	0.189507378472222	0.0354277334941604	2.4193029444096
"AT4G37070"	0.15325732440199	9.69909225045917e-07	3.92160658696666e-05	26.2857142857143	0.190026537734477	0.0367692133324877	2.36963069309222
"AT2G33770"	0.152972143020632	4.47636561151654e-09	2.60820633577489e-07	41.2142857142857	0.17807954895442	0.0251074059337878	2.82633695974336
"AT3G09925"	0.151415889924047	5.81159977761647e-05	0.00171593362220029	17.5714285714286	0.204151985234674	0.0527360953106275	1.95278093667712
"AT5G66985"	0.14967305520557	1.48641694341922e-06	5.7665451242927e-05	26.2142857142857	0.186529994740019	0.0368569395344492	2.33939945511071
"AT3G01420"	0.149046047833969	1.77635683940025e-14	2.04668362458417e-12	112.357142857143	0.161151817476421	0.012105769642452	3.73465375039444
"AT2G41660"	0.148556184596396	7.19737988097435e-08	3.58093017194971e-06	34.7142857142857	0.177508379611718	0.0289521950153211	2.61614249568529
"AT2G18328"	0.148133558871274	5.71080960298787e-11	4.31095794858059e-09	61.2142857142857	0.166532168490099	0.0183986096188244	3.17813223384771
"AT5G64100"	0.147992496792264	1.18460796727504e-13	1.22654949260289e-11	98.5714285714286	0.16115166497019	0.0131591681779269	3.61427889305256
"AT1G65310"	0.147979235286002	1.00225756728411e-05	0.000339041831370017	22.0714285714286	0.190895812537815	0.0429165772518129	2.15317853056045
"AT4G31910"	0.147770146100834	1.16530456395481e-08	6.37754540644408e-07	40.7142857142857	0.173129720387338	0.0253595742865038	2.77125097468484
"AT2G43535"	0.147041647603735	2.83106871279415e-14	3.21357755221167e-12	112.857142857143	0.159114047305042	0.0120723997013073	3.72027682629071
"AT3G24300"	0.146759632266231	9.38157126550987e-06	0.000318765405926105	22.5	0.188945868945869	0.042186236679638	2.16312867682625
"AT3G23180"	0.146751273649419	0.000168980406543562	0.00442642008525392	16.0714285714286	0.203982526115859	0.0572312524664404	1.83357048626246
"AT4G15760"	0.146568263024959	3.05067082706501e-12	2.79931016490683e-10	78.5	0.161922624416032	0.0153543613910732	3.39858416329426
"AT2G44790"	0.144871194498515	1.27675647831893e-14	1.49351269265338e-12	126.785714285714	0.156119793081348	0.0112485985828331	3.79483627752549
"AT3G14940"	0.144489460092065	6.69829747224071e-11	5.00705904705447e-09	63.9285714285714	0.162301090189733	0.0178116300976677	3.18778122941505
"AT4G37483"	0.144393178070256	0.000121965823216219	0.00327895486836025	17.1428571428571	0.198333333333333	0.0539401552630774	1.8784955883075
"AT1G06090"	0.143301238677913	0.000272190405066319	0.00684900782797418	15.5714285714286	0.202223330074521	0.0589220913966086	1.77906890369195
"AT1G37130"	0.142969709021532	0	0	565.642857142857	0.149039548415261	0.006069839393729	4.61789305418251
"AT5G45670"	0.14169775204276	1.11422181148235e-07	5.38622556440239e-06	36.2857142857143	0.169594185342217	0.0278964332994566	2.60393412384235
"AT1G29395"	0.141631321787965	0.000165281925180727	0.00433695243402305	16.9285714285714	0.196196368925098	0.0545650471371337	1.84624933983378
"AT5G40730"	0.141594564466808	3.66373598126302e-14	4.06833986788945e-12	124.928571428571	0.152942389713806	0.0113478252469985	3.75250057742508
"AT1G05240"	0.140965864191528	8.34343993894038e-09	4.63242295740298e-07	45.7142857142857	0.164051983173077	0.023086118981549	2.82905546779211
"AT2G33830"	0.140941251062451	0	0	277.071428571429	0.148569330830408	0.00762807976795734	4.28367259061844
"AT4G16260"	0.140132799328049	4.61135574170157e-11	3.5156425565092e-09	70.7142857142857	0.156674122734729	0.0165413234066794	3.24362034643297
"AT3G17510"	0.139582044448055	1.09702247286236e-11	9.49761151081517e-10	80.2857142857143	0.154696622383202	0.0151145779351471	3.35542909928912
"AT4G26320"	0.138609259952055	4.01367050706369e-10	2.69760907237912e-08	60.7857142857143	0.157105342513813	0.0184960825617588	3.08644059375966
"AT3G48360"	0.138254486018959	0	0	298.214285714286	0.145666015550658	0.00741152953169955	4.29674921503078
"AT5G07322"	0.137297583524756	1.03042567034528e-07	5.04480606146041e-06	38.6428571428571	0.163771373033334	0.0264737895085782	2.6290465734569
"AT3G11550"	0.137221169185981	0.00033180078542161	0.00825408317500122	16.0714285714286	0.194452421652422	0.0572312524664404	1.7645421170477
"AT5G37990"	0.137003163418729	1.81193739678953e-07	8.4652831306106e-06	36.8571428571429	0.164538003910638	0.0275348404919089	2.579090690544
"AT1G70850"	0.136194842738529	3.90798504668055e-13	3.86361050679566e-11	114.785714285714	0.148141253038968	0.0119464103004397	3.63232436293248
"AT2G01530"	0.135580694674768	1.21835874722365e-12	1.14540671426105e-10	105.071428571429	0.148208742623027	0.0126280479482587	3.55292700393389
"AT1G78090"	0.134859440555984	0.000126690389365192	0.00339963176714398	18.7857142857143	0.184482377054194	0.0496229364982096	1.89440399121809
"AT3G21870"	0.134579685182386	7.77765223003435e-07	3.2125267593813e-05	33.1428571428571	0.164687757248697	0.0301080720663107	2.45151107538276
"AT3G24020"	0.133968866721294	5.37327259975129e-05	0.00159573700229823	21.1428571428571	0.178569421812665	0.0446005550913715	2.00135148391532
"AT5G56540"	0.133934788943054	4.3074532829479e-10	2.87826243245101e-08	65.2857142857143	0.151471232252083	0.0175364433090291	3.11061574060792
"AT2G38170"	0.133863528786577	2.22044604925031e-16	2.95879263119233e-14	278.5	0.141475941036939	0.00761241225036142	4.21605923050162
"AT3G13435"	0.1332955919779	4.27329195940018e-06	0.000154443221664737	28.3571428571429	0.167712991790297	0.0344173998123975	2.28478443780583
"AT5G19120"	0.133242313622399	1.48365986163412e-10	1.07751676396594e-08	72.4285714285714	0.149500379604368	0.0162580659819682	3.200921594239
"AT3G22600"	0.133092298931704	2.38328246027208e-10	1.68301476595435e-08	69.7142857142857	0.14980528910756	0.0167129901758563	3.1640467823733
"AT4G37010"	0.133056026177567	1.6769547415918e-05	0.000542144608863981	24.5	0.172171851472143	0.0391158252945763	2.13802498508224
"AT1G17180"	0.132971008088369	1.13150866454248e-09	7.22468282310373e-08	61.0714285714286	0.151401956683582	0.0184309485952132	3.0381816205706
"AT1G23020"	0.132483636523673	1.36665689876025e-09	8.58245635485148e-08	60.5714285714286	0.151028972807186	0.0185453362835128	3.02569700341941
"AT5G56870"	0.132172975260431	1.35196805162163e-06	5.2850914344515e-05	32.3571428571429	0.162901087334226	0.0307281120737951	2.40636519760891
"AT1G18980"	0.132104090851204	1.17005263000625e-06	4.65711337719889e-05	32.8571428571429	0.162434200959721	0.0303301101085166	2.42103278729081
"AT1G14870"	0.132045154336052	1.11799458579753e-13	1.17343486525763e-11	144.214285714286	0.14248707836003	0.0104419240239777	3.77037162057237
"AT4G11320"	0.131698794160348	3.88578058618805e-15	4.80207271796336e-13	211.857142857143	0.140267080021701	0.00856828586135316	4.03302603206136
"AT4G25100"	0.131534153601351	0	0	1165.07142857143	0.136834228714302	0.00530007511295125	4.69027254565494
"AT2G02930"	0.131514396144375	1.2899894419327e-06	5.12119124564165e-05	32.7857142857143	0.161900620442207	0.0303862242978322	2.41361918830656
"AT2G38380"	0.131161554410657	1.2356782264078e-13	1.27084115043444e-11	146.428571428571	0.141514739395049	0.0103531849843915	3.77280576189974
"AT4G11290"	0.13107539728185	2.2701895607824e-05	0.00071434055091231	24.2142857142857	0.170598799308957	0.0395234020271066	2.1098284536721
"AT1G51830"	0.130882167657617	8.40561313331101e-07	3.45328728297206e-05	34.5	0.159985781913948	0.0291036142563316	2.45867346550715
"AT5G47560"	0.130676472568899	1.80229294821643e-08	9.69064460998899e-07	49.6428571428571	0.152297579755786	0.0216211071868865	2.81638070686339
"AT3G18290"	0.130528998641246	5.75066660957191e-11	4.31976544730784e-09	82.9285714285714	0.145307648422445	0.0147786497811995	3.29752427079413
"AT4G03210"	0.130359617774529	1.46549439250521e-14	1.70130576293559e-12	190.071428571429	0.139385757652364	0.00902613987783567	3.94883020872653
"AT5G50160"	0.129910009740825	1.30909721618444e-06	5.17749655793345e-05	33.4285714285714	0.159799839287019	0.0298898295461938	2.41853938248441
"AT4G12980"	0.129735058412136	0.000364239392149579	0.00890208045502416	17.1428571428571	0.183675213675214	0.0539401552630774	1.76772537356509
"AT1G02920"	0.129413366815214	1.34281971098105e-08	7.32290720678774e-07	52	0.150261720527993	0.0208483537127789	2.84947215555516
"AT1G49310"	0.129362982674748	8.91497720534318e-07	3.63332741209252e-05	35	0.158116169544741	0.028753186869993	2.45919113891066
"AT2G28670"	0.129207535954876	0.000113152405607497	0.00305810840128622	20.2857142857143	0.175499366731265	0.0462918307763887	1.92263629932689
"AT4G02520"	0.129013015104994	4.64073224293315e-14	5.04358729721331e-12	174.214285714286	0.138444420366871	0.00943140526187634	3.87569035487608
"AT5G63180"	0.128808846805931	5.60711858499374e-07	2.41358104484394e-05	36.9285714285714	0.156299275028441	0.02749042822251	2.50730980140616
"AT1G74500"	0.128779609072277	1.67109300670543e-05	0.000541391738578308	25.7857142857143	0.166173112191022	0.0373935031187453	2.15182742626642
"AT4G23680"	0.128772639538845	1.39051134162571e-07	6.63806722712536e-06	42.2857142857143	0.153359765690847	0.0245871261520018	2.64094501635209
"AT2G22470"	0.12768695417873	2.5884960841438e-11	2.04464505120719e-09	94.7857142857143	0.141189023608474	0.0135020694297435	3.38637548647144
"AT1G16400"	0.127163663663327	4.2532870868639e-06	0.000154083620139722	30.6428571428571	0.159354959785299	0.0321912961219721	2.30750135195082
"AT3G07273"	0.127126959259619	0.000262747724177337	0.00663318966275702	18.5	0.177445636905096	0.0503186776454772	1.81821118696352
"AT3G29780"	0.127126959259619	0.000262747724177337	0.00663318966275702	18.5	0.177445636905096	0.0503186776454772	1.81821118696352
"AT3G09440"	0.126394827277547	2.57854959606618e-10	1.79953838436669e-08	78.6428571428571	0.141729605264118	0.0153347779865711	3.20826196299937
"AT3G48990"	0.125473174036817	5.55111512312578e-16	7.27053744844269e-14	382.642857142857	0.132258547548143	0.00678537351132661	4.28478891979885
"AT5G59520"	0.125253608162014	2.35410613225184e-09	1.41467930865205e-07	65.5	0.142747643359496	0.0174940351974814	3.02853192141494
"AT4G38860"	0.125164431622804	6.33896378419152e-05	0.00186088660975002	22.9285714285714	0.166647630181563	0.0414831985587594	2.0062017592588
"AT5G44550"	0.123343688583007	2.1689448015394e-09	1.31371186319327e-07	68.4285714285714	0.140284765683016	0.0169410771000087	3.0497608389561
"AT5G18600"	0.123056050505847	3.58688961865639e-08	1.85694244987468e-06	52.6428571428571	0.143705663501528	0.0206496129956807	2.79893027137318
"AT1G60140"	0.122327161246087	2.32734681315794e-06	8.67743614716113e-05	34.9285714285714	0.151129794925196	0.0288026336791083	2.39151547171672
"AT5G67370"	0.122052857832063	1.87609927593257e-11	1.54566372604251e-09	112.142857142857	0.134173019969604	0.0121201621375409	3.46861369428244
"AT1G30870"	0.121489333361836	6.33518895264418e-05	0.00186088660975002	24	0.161324786324786	0.0398354529629502	2.01784322983593
"AT2G18980"	0.121299726223393	1.83940755293932e-07	8.56750192742923e-06	46.1428571428571	0.144213903207088	0.0229141769836953	2.65389788297159
"AT3G07720"	0.121108495402276	1.04068299089377e-07	5.0626749690337e-06	49	0.142953256655881	0.0218447612536042	2.71018424332339
"AT3G57020"	0.121077590975288	3.41141418669366e-07	1.52855295312555e-05	43.5	0.145106049981199	0.024028459005911	2.59429163811388
"ATMG00020"	0.120686921414933	1.56039874354974e-08	8.41955998104092e-07	59.5	0.139483847837778	0.0187969264228444	2.8915293841429
"AT5G14330"	0.119883152817923	7.1132677526009e-10	4.65827842054941e-08	81.8571428571429	0.134795375276722	0.0149122224587986	3.17620380730236
"AT3G19710"	0.119793646687579	2.83140177970154e-11	2.21369392204828e-09	114.071428571429	0.131786223006102	0.0119925763185224	3.45798603248509
"AT3G53980"	0.119649739572778	8.7894079756623e-06	0.00030131742241398	31.2857142857143	0.151273550785654	0.0316238112128761	2.25807661074903
"AT4G02270"	0.119548431269718	1.22413308040192e-05	0.000408684429718498	30.1428571428571	0.15219783922194	0.0326494079522218	2.22081914078265
"AT4G23600"	0.119173095491023	1.01564377386065e-06	4.08496724163796e-05	40	0.144903846153846	0.0257307506628229	2.49353043692779
"AT3G19030"	0.118772737928155	6.55031584528842e-15	7.96643174707935e-13	377	0.125591215347704	0.00681847741954883	4.2031421278668
"AT3G62930"	0.118663099077902	0.000144013627759176	0.00381151093571955	22.2857142857143	0.161210994790876	0.0425478957129746	1.92179045325837
"AT5G50560"	0.118566165361554	0.000148681551614072	0.00392150791210677	22.2142857142857	0.161236164606684	0.0426699992451301	1.91788138057931
"AT5G12420"	0.118456008056502	0.000350410170473325	0.00861907777260552	19.6428571428571	0.166113159567705	0.0476571515112025	1.80140174014748
"AT4G30280"	0.11745988097481	8.60702618268316e-05	0.00239807398588067	24.2857142857143	0.156880489752462	0.0394206087776523	1.99264398308666
"AT1G56430"	0.11721413321106	3.99409694207264e-09	2.33608937176799e-07	72.9285714285714	0.133392090886088	0.0161779576750286	3.04357173165265
"AT1G78340"	0.11704274678859	8.73333218964767e-06	0.000300066328417401	32.5	0.147655894401457	0.0306131476128669	2.27001565574547
"AT2G43150"	0.116964689682196	1.15107923193136e-12	1.09559864286436e-10	181.714285714286	0.126195599918455	0.00923091023625895	3.77304488297663
"AT5G63560"	0.11695942139277	0.000298706930011772	0.00746718596329591	20.5	0.16281517411797	0.0458557527251996	1.82806052259015
"AT1G75750"	0.116447117830135	1.55431223447522e-15	1.98485672342485e-13	673	0.122278292216627	0.00583117438649181	4.39023802955275
"AT5G47500"	0.116199455036717	4.33454383497178e-11	3.32112748635538e-09	120.428571428571	0.127800406064359	0.011600951027642	3.46157743503944
"AT3G50480"	0.115972397227436	1.24862546803106e-05	0.000415052856227939	31.6428571428571	0.147290902413222	0.0313185051857853	2.23358106307675
"AT5G14120"	0.115604843634007	3.81250586656279e-12	3.47754999400049e-10	163.857142857143	0.12534329670196	0.00973845306795325	3.68604841184229
"AT5G63600"	0.11536083538256	8.94923690708538e-10	5.76210530941917e-08	88.7142857142857	0.129473944778853	0.014113109396293	3.19755401822402
"AT3G22240"	0.114910220431945	2.03742578364086e-11	1.65193188933928e-09	136.642857142857	0.1256773049588	0.0107670845268541	3.54502458872487
"AT5G63530"	0.114903727758159	4.43635997049441e-07	1.96482023664325e-05	46.8571428571429	0.137538324257539	0.0226345964993803	2.60323217986644
"AT3G28070"	0.114056216451522	2.0450196887567e-05	0.000651515212276667	30.6428571428571	0.146247512573494	0.0321912961219721	2.18366951656683
"AT1G64980"	0.114005324408516	6.45610136462693e-08	3.2331142912269e-06	58.4285714285714	0.133063067992917	0.0190577435844008	2.80366098199083
"AT5G24105"	0.113920063654428	0.000360968043331411	0.00886454214104254	20.7142857142857	0.159348760632946	0.0454286969785178	1.81051196771723
"AT1G05260"	0.113822797933844	1.46045042170861e-07	6.92877469419901e-06	53.7857142857143	0.134130824405582	0.0203080264717381	2.72351886808599
"AT5G53250"	0.112602378808004	5.67035421616957e-07	2.4271650281727e-05	47.5	0.134992542083955	0.0223901632759507	2.59194275116866
"AT1G45145"	0.11241904516802	2.08422723524393e-10	1.48552084431991e-08	112.428571428571	0.124520029503973	0.0121009843359528	3.36318151256003
"AT1G13990"	0.11228684166089	0.000363547461643909	0.00890208045502416	21.1428571428571	0.156887396752262	0.0446005550913715	1.81459588990372
"AT3G45070"	0.111507970347902	0.000259080344285789	0.00656222676997592	22.5	0.15369420702754	0.042186236679638	1.86521848916762
"AT5G53420"	0.110869583986084	7.01409308856427e-07	2.93672028658904e-05	47.8571428571429	0.13312678856007	0.0222572045739856	2.58045659630836
"AT2G17500"	0.110679875134675	4.70282460085514e-07	2.07086448803173e-05	50.2142857142857	0.132106986190987	0.0214271110563118	2.62419750776708
"AT1G60680"	0.110646922770657	0.000257772366425546	0.00653990685944548	22.7857142857143	0.152361528861367	0.0417146060907101	1.86887414243802
"ATCG00280"	0.110590461680992	6.82866077490463e-05	0.00197811715906689	27.5714285714286	0.145858329702191	0.0352678680211991	2.04814150714389
"AT5G26260"	0.109912973137444	9.13993848383754e-08	4.5035503963449e-06	61.0714285714286	0.128343921732657	0.0184309485952132	2.79981274269921
"AT5G03285"	0.109519057141823	2.72743506586348e-05	0.000849496238806748	31.6428571428571	0.140837562327608	0.0313185051857853	2.16894490141032
"AT1G78020"	0.108948355159385	2.04836148043341e-12	1.90236917128252e-10	238.785714285714	0.117066159441148	0.00811780428176361	3.85009072557842
"AT1G17860"	0.107135659486411	1.08731912362714e-11	9.46708991503539e-10	199.928571428571	0.115942279147099	0.00880661966068736	3.71867458042171
"AT5G10430"	0.106996278596935	8.21488355118305e-09	4.57763183775742e-07	85.5	0.12146801251141	0.0144717339144757	3.0692667511036
"AT1G66270"	0.106595718137283	1.14575304799303e-09	7.28527788690669e-08	109.071428571429	0.118928387145663	0.0123326690083798	3.26953615118422
"AT4G15610"	0.106506887470465	7.31137693388284e-07	3.05284850503599e-05	51.7142857142857	0.127445156412526	0.0209382689420614	2.60566246596314
"AT1G73260"	0.106038143251395	2.33417090866883e-06	8.68175606903912e-05	45.5	0.129211447892767	0.0231733046413713	2.47919819550239
"AT4G11650"	0.105643596002361	2.15214274912334e-06	8.08319497244267e-05	46.2857142857143	0.12850116656701	0.0228575705646488	2.49103747783391
"ATMG01390"	0.105563247203278	3.3145312213767e-06	0.000121511666115734	44	0.129370629370629	0.023807382167351	2.44202922640073
"AT5G53160"	0.105400161078529	3.58799656652309e-11	2.76293765755778e-09	180.357142857143	0.114666115690015	0.00926595461148624	3.62935570630694
"AT3G21510"	0.105082850994916	1.34311830402023e-06	5.27742176687333e-05	49.5	0.126753157056187	0.0216703060612711	2.54823024641734
"AT2G15960"	0.104933741153789	1.38347444611497e-10	1.00954106725076e-08	151.5	0.115093459079343	0.0101597179255537	3.50187359265463
"AT4G30670"	0.104913610017279	1.52397090391609e-07	7.20781794185501e-06	64.1428571428571	0.122681015394841	0.0177674053775617	2.78760709134365
"AT2G18370"	0.104409841932738	7.48321374643979e-07	3.09926398514712e-05	53.7857142857143	0.124717868404477	0.0203080264717381	2.61854622490419
"AT3G32980"	0.104286149104079	7.03515024014223e-12	6.19578403907698e-10	248.214285714286	0.112269328311562	0.00798317920748293	3.81385663355283
"AT3G54960"	0.103793336369114	2.46116740144631e-05	0.000769692433872719	35.2142857142857	0.132399386385208	0.0286060500160943	2.21050422974056
"AT4G33420"	0.103636275918945	7.91520408769397e-05	0.00224615902666338	30.0714285714286	0.136352372020192	0.032716096101247	2.05926728611145
"AT5G17330"	0.103525859605872	1.51337009590691e-09	9.3136077709548e-08	115.857142857143	0.115404088219309	0.0118782286134378	3.28030272288804
"AT3G09270"	0.103420444464504	8.54660353599712e-09	4.72809215110541e-07	93.6428571428571	0.117031479535341	0.0136110350708371	3.10404795519425
"AT5G64260"	0.103322233718303	9.57710577509374e-11	7.05574850468925e-09	170.357142857143	0.112863624822804	0.00954139110450074	3.56423715809938
"AT5G42020"	0.103170426778587	9.11951970605784e-08	4.5035503963449e-06	70.9285714285714	0.119675594214892	0.0165051674363046	2.85813929022941
"AT1G27020"	0.103081271136919	2.95837943586896e-07	1.33729222640873e-05	61.7857142857143	0.121352020294183	0.0182707491572643	2.73159043172942
"AT5G56750"	0.103016387180927	1.5797443750909e-06	6.08241276479721e-05	50.5714285714286	0.124324476953032	0.021308089772105	2.54463719228681
"AT4G38950"	0.10289077108968	4.59486077850624e-05	0.00138333293850353	32.8571428571429	0.133220881198197	0.0303301101085166	2.13499758930367
"AT2G38530"	0.101588736441185	7.63491492250523e-10	4.97861430946682e-08	135.571428571429	0.112404767653874	0.0108160312126883	3.37746010368721
"AT2G27550"	0.101063731167883	3.10957371887355e-05	0.000958774802173406	35.7857142857143	0.129286031039411	0.028222299871528	2.1956589398645
"AT5G44380"	0.100892111862327	0.000109904789270532	0.00298613650847807	30	0.133675213675214	0.0327831018128865	2.02770771448975
"AT4G15620"	0.10059841056922	4.90490746452021e-06	0.000174391651940389	46.0714285714286	0.123541022405273	0.0229426118360536	2.42888863005314
"AT5G25090"	0.100050502988575	2.16802051273834e-05	0.000685005079117575	38.2857142857143	0.126728584402899	0.026678081414324	2.24801514757223
"AT2G25980"	0.0991739262092831	3.80615114066174e-05	0.00116186175457172	36	0.127255460588794	0.0280815343795108	2.18003389232381
"AT4G20070"	0.09791878592206	4.17838267157133e-05	0.00127042730276109	36.3571428571429	0.125769398521935	0.0278506125998754	2.1749999703214
"AT5G45950"	0.0977077408652995	4.53888649177836e-05	0.00136917119291361	36.0714285714286	0.125742725072203	0.0280349842069031	2.16517477218181
"AT2G36120"	0.0974725766769182	5.63108274231894e-07	2.41710677712312e-05	65	0.115065999089668	0.0175934224127495	2.70935353399336
"AT2G34430"	0.0974159902441575	1.90457844717606e-06	7.22299351133639e-05	55.6428571428571	0.117198865803525	0.0197828755593674	2.56663455728059
"AT2G20570"	0.0973962984761058	1.00831825100567e-06	4.06617602063444e-05	60.4285714285714	0.115974664639219	0.018578366163113	2.64211413688141
"AT1G54740"	0.0973483332095914	0.000249849515789102	0.00635995677732924	28.0714285714286	0.132069485720205	0.0347211525106139	1.92741043295232
"AT2G38390"	0.0966147684114435	5.11489799848164e-07	2.23306828856788e-05	67.2142857142857	0.11377927320336	0.0171645047919167	2.72873763032276
"AT1G68238"	0.0965440720417149	3.35802496920223e-10	2.27691923132987e-08	190.285714285714	0.10556519790754	0.00902112586582531	3.54868298617917
"AT5G16030"	0.0963546700236178	2.01764023533002e-06	7.61534949906336e-05	56.5714285714286	0.115887899978809	0.0195332299551912	2.56872750665275
"AT5G24660"	0.0963007697183323	8.36443461801339e-05	0.00233898897967951	33.8571428571429	0.125870141893215	0.0295693721748829	2.08976057959308
"AT5G42900"	0.0957291188656475	6.89788603762675e-05	0.00198690236166527	35.2142857142857	0.124335168881742	0.0286060500160943	2.1198422221451
"AT1G77510"	0.094982895703538	1.07639943098814e-05	0.000363320371816349	46.5714285714286	0.117728295266027	0.0227453995624892	2.37181442145078
"AT3G04720"	0.0943576409620186	3.17705739494301e-09	1.87973851428983e-07	145.857142857143	0.104733468405849	0.0103758274438303	3.33542424338566
"AT2G28790"	0.0942748293734434	1.38654943564465e-05	0.000455954582657051	45.6428571428571	0.117389919281078	0.023115089907635	2.34440164490297
"AT2G46600"	0.0941329931069167	4.54315629561108e-09	2.63709572249789e-07	139.285714285714	0.104782562079604	0.0106495689726868	3.29853169789534
"AT2G43530"	0.0940546778228022	2.35065927189915e-06	8.7219134824655e-05	58.5	0.113094736368898	0.0190400585460959	2.57042196539065
"AT4G22212"	0.0939186332780693	1.31092969490876e-06	5.17749655793345e-05	63.5	0.111819608254601	0.0179009749765318	2.64306312467313
"AT4G25630"	0.0938153037849208	2.77039634455356e-07	1.26727025623698e-05	78.5	0.109169665175994	0.0153543613910732	2.8298516172551
"AT1G58290"	0.0936979516600888	5.31907094003525e-06	0.00018652046472563	52.7857142857143	0.114304057441201	0.0206061057811123	2.47173282583357
"AT5G05960"	0.0932476824035709	3.27277305256501e-09	1.92892208682716e-07	152.214285714286	0.103381187186408	0.010133504782837	3.35076853747047
"AT3G07390"	0.0930374113689829	0.000115106088089068	0.00310543255964238	34.2857142857143	0.122294337606838	0.0292569262378547	2.06350749512475
"AT1G66280"	0.0928964514501207	0.000133962717896119	0.00357016467659152	33.5714285714286	0.122678552773618	0.0297821013234978	2.04236559822598
"AT5G28540"	0.0927742205632228	4.32002322803271e-10	2.87826243245101e-08	222.642857142857	0.101148992505437	0.00837477194221396	3.5942882355672
"AT4G30170"	0.0923133632146248	3.17805004534932e-08	1.66213102030488e-06	111.5	0.104477034759164	0.0121636715445391	3.10253518632649
"AT4G21850"	0.0917229022920482	2.95357530655238e-08	1.56070993095202e-06	115.142857142857	0.103646444375714	0.0119235420836661	3.11978584438491
"AT1G11580"	0.0917149592196614	1.68233862396505e-07	7.88384008368209e-06	89.5	0.105744322778747	0.014029363559086	2.91405874192538
"AT3G17609"	0.0915850432066166	1.42568456251713e-05	0.000467819919400695	48.2142857142857	0.113711258837185	0.0221262156305682	2.36154648094704
"AT4G13860"	0.091520878938599	0.000292181365473154	0.00733997908936166	30.3571428571429	0.123972105403247	0.0324512264646482	1.93367063086624
"AT1G80920"	0.0908794598026234	6.80265210828424e-09	3.83249415100543e-07	149.928571428571	0.101097725825216	0.0102182660225924	3.30652823883535
"AT4G13250"	0.0908661794007746	1.62933586400626e-07	7.65887815338405e-06	92.3571428571429	0.104603024279383	0.013736844878608	2.92880197872327
"AT5G17170"	0.0906776087561501	5.59457147275566e-10	3.67945121238231e-08	240.214285714286	0.0987743359813028	0.00809672722515266	3.60872546284305
"AT4G23690"	0.0905783090960285	2.34767794096147e-05	0.000737209359985523	45.8571428571429	0.113606756981724	0.0230284478856957	2.30255956240639
"AT1G29280"	0.0904247506557298	0.000344085840387587	0.00850447002919255	30.1428571428571	0.123074158607952	0.0326494079522218	1.91439914065132
"AT3G58990"	0.090331403572113	1.89991359897945e-05	0.000611644453587419	47.5714285714286	0.112694815397518	0.0223634118254051	2.33320893313542
"AT3G49110"	0.0900737359746294	0.000251498507977232	0.00639131531715275	32	0.12109375	0.0310200140253706	1.96485316148817
"AT4G18970"	0.0899876997197913	2.08682885758371e-05	0.000663455713975369	47.2857142857143	0.112458602267932	0.0224709025481409	2.32326404413094
"AT4G19030"	0.0896261967227811	0.000193715215650259	0.00503988449002473	33.7142857142857	0.119301482774623	0.0296752860518415	2.00727813236094
"AT1G78000"	0.0891769491777056	5.8933378654924e-06	0.000205716422439193	58	0.108341717735297	0.0191647685575912	2.49906038901259
"AT5G43580"	0.088580283290932	4.85925242132978e-06	0.000173573855721346	60.5714285714286	0.107125619574445	0.0185453362835128	2.53017521471719
"AT4G38540"	0.0870810696588241	8.06706095797249e-05	0.00226409600952327	41	0.11229579462774	0.0252147249689158	2.15496550695967
"AT1G62660"	0.0869303952963593	1.10567544864271e-06	4.4123360872398e-05	78.9285714285714	0.102226219144382	0.0152958238480229	2.74055554940373
"AT1G30510"	0.0868722705294762	1.10584628898458e-07	5.36265459886067e-06	112.642857142857	0.0989589353591703	0.0120866648296941	3.03341377419737
"AT5G11950"	0.0861908602018658	4.49464916230102e-06	0.00016130211654122	65.3571428571429	0.10371313657527	0.0175222763734046	2.56533652400053
"AT4G33960"	0.0855911238605102	1.94373406592341e-07	8.99872532513907e-06	108.071428571429	0.097995587716967	0.0124044638564568	2.98185741221139
"AT4G34600"	0.0853331811805046	3.01232602949453e-05	0.000931567818242431	49.9285714285714	0.106856735234491	0.0215235540539867	2.31168961850469
"AT5G44110"	0.085237641863493	5.22475220477991e-05	0.00155464277254461	45.8571428571429	0.108266089749189	0.0230284478856957	2.23309236206626
"AT4G35090"	0.0847117450775214	1.42403122627144e-09	8.87067256560306e-08	297.285714285714	0.0921321385736966	0.00742039349617525	3.6341369026124
"AT1G10682"	0.0845099409580276	6.66240407287688e-09	3.7673313657847e-07	210	0.0931135531135531	0.00860361215552553	3.43597677837138
"AT2G36830"	0.0836642672337201	2.5835189543244e-10	1.79953838436669e-08	587.285714285714	0.0896789702760903	0.00601470304237016	3.89820429712981
"AT2G43820"	0.0824148119469081	8.01101483238753e-05	0.00225791561125036	45.7857142857143	0.105472050395276	0.0230572384483682	2.19356910434774
"AT1G15125"	0.0822352233968456	7.33555097109928e-07	3.0541268988699e-05	98.7142857142857	0.095381966870047	0.0131467434732014	2.85901105322949
"AT2G42840"	0.0822059253459015	6.63285260049662e-09	3.76451234259297e-07	245.357142857143	0.0902288074004861	0.00802288205458454	3.4913956237755
"AT3G16670"	0.0814903374542425	2.81544878522055e-08	1.49805337446944e-06	185.928571428571	0.0906156865808611	0.00912534912661854	3.3118091573112
"AT5G62720"	0.0808585747004335	6.18038953348332e-09	3.52075424576574e-07	277.071428571429	0.0884866544683909	0.00762807976795734	3.53606804943637
"AT5G42650"	0.0808359568809987	1.36923461413474e-05	0.000451229058645178	64	0.0986328125	0.0177968556190013	2.47044530681788
"AT5G47610"	0.0807807274634317	0.000215382124692853	0.00553777798455249	40.1428571428571	0.106436186121094	0.0256554586576621	2.05265099819423
"AT1G03130"	0.080697453247027	2.51780140292368e-07	1.15517331432343e-05	126.571428571429	0.0919573524529473	0.0112598992059203	3.02977101692394
"AT5G56010"	0.0805714562328109	7.70650434078757e-06	0.000266578944736408	70.9285714285714	0.0970766236691155	0.0165051674363046	2.55620615831771
"AT2G31390"	0.0802268971991177	2.82925702754788e-07	1.29034329434952e-05	126.571428571429	0.091486796405038	0.0112598992059203	3.02236963214323
"AT1G54000"	0.0800124758340082	2.1638918483724e-06	8.10745200109014e-05	89.3571428571429	0.0940569563656705	0.0140444805316623	2.74353138412585
"AT1G56110"	0.0799138201348753	7.3542993062059e-07	3.0541268988699e-05	108.071428571429	0.0923182839913321	0.0124044638564568	2.89575702680544
"AT3G16530"	0.079698425571381	3.97424119169543e-08	2.04366684636043e-06	192.428571428571	0.0886700255056563	0.00897159993427527	3.30500929686758
"AT5G42530"	0.0787069516357571	1.50491352712834e-09	9.29890922972365e-08	571.857142857143	0.084760532677031	0.00605358104127391	3.80753191724507
"AT2G40300"	0.0785888022475139	6.37159833157819e-05	0.0018633277258226	52.6428571428571	0.0992384152431946	0.0206496129956807	2.26478395309037
"AT5G23240"	0.0784467295089751	7.99823720715187e-05	0.00225791561125036	50.7857142857143	0.0996842100297743	0.0212374805207992	2.23075237579343
"AT5G13740"	0.078161081869144	3.7806888637526e-06	0.000137388654446723	86.8571428571429	0.0924781589601534	0.0143170770910094	2.69137568854998
"AT2G28950"	0.0773607294320461	9.0258114637809e-07	3.66874097801004e-05	116.142857142857	0.0892209887185446	0.0118602592864985	2.91124758556167
"AT2G14890"	0.0772651106816448	5.62801506509558e-08	2.84632682698101e-06	208.214285714286	0.0859032847148967	0.00863817403325189	3.31391500934871
"AT4G04770"	0.0772103225271592	1.81476834066885e-05	0.000585463369524409	68.2857142857143	0.0941772728068486	0.0169669502796894	2.47265167424416
"AT1G67860"	0.0770670814702817	0.000110665647887198	0.00300148741278482	49.7857142857143	0.0986392721292651	0.0215721906589834	2.19298946414323
"AT3G08520"	0.0768566585832567	2.89381407725386e-10	1.98855636411831e-08	40014.8571428571	0.0814515049939225	0.00459484641066581	4.14785281264843
"AT1G17170"	0.0761901455088144	0.000140170270722551	0.0037226503094495	48.8571428571429	0.0980854069496729	0.0218952614408585	2.16341983323579
"AT1G09740"	0.0759112748059692	3.4639794269653e-06	0.000126385763663848	96.2142857142857	0.0892807774618877	0.0133695026559185	2.73940379196215
"AT1G49500"	0.0757106258507008	4.89775935175185e-06	0.000174391651940389	91	0.0895841267777024	0.0138735009270016	2.69091123444051
"AT5G14200"	0.0756900560763228	1.10858775491662e-05	0.000372543832375928	78.5	0.0910444174673961	0.0153543613910732	2.56792204888525
"AT5G05250"	0.0756840355058848	0.00026357201824101	0.00664305527553492	44	0.0994914176732359	0.023807382167351	2.0631630890671
"AT2G21210"	0.0754359525664529	1.90897440099924e-06	7.22299351133639e-05	109.785714285714	0.0877181403009502	0.0122821877344973	2.83630766587088
"AT5G64572"	0.0750721349007266	6.74410147505355e-07	2.83919260999233e-05	137.285714285714	0.0858102181342259	0.0107380832334993	2.99841295888049
"AT3G62600"	0.0750539335221068	0.000152830446601304	0.00402400990329619	49.6428571428571	0.0966750407089934	0.0216211071868865	2.16070306343951
"AT4G01480"	0.0745968716861857	0.000219968531972925	0.00563678559189482	46.9285714285714	0.0972039782323138	0.0226071065461281	2.10423900443962
"AT2G34620"	0.0743761988765656	0.000133600357850705	0.00356671059878781	51.9285714285714	0.0952469386367999	0.0208707397602344	2.19019098570211
"AT5G61790"	0.0740338664297203	1.02971214910319e-06	4.13070915519824e-05	132.714285714286	0.0849842858878351	0.0109504194581147	2.95620996918762
"AT5G51550"	0.0737556865605093	1.17569612252399e-05	0.000394231233732116	83.4285714285714	0.0884731765232328	0.0147174899627235	2.58770847854683
"AT1G18250"	0.0732528257254763	7.5177418242256e-05	0.00214528632615332	59.9285714285714	0.0919480365639807	0.0186952108385044	2.29815002647392
"AT5G27120"	0.0731576458630012	7.88466259473708e-05	0.00224164322081171	59.5714285714286	0.0919375180541787	0.0187798721911775	2.29146647509648
"AT4G37410"	0.0728860588916464	3.54025964655058e-07	1.58166002401578e-05	179.785714285714	0.0821669273129025	0.00928086842125614	3.14622610585606
"AT1G10522"	0.0724032230828239	8.01698380726856e-05	0.00225791561125036	60.8571428571429	0.0908829648167081	0.0184797417338842	2.29806530540958
"AT3G05730"	0.0718394224987915	7.55564855126067e-09	4.24112668130105e-07	893.857142857143	0.0773598953173135	0.00552047281852198	3.80872210094328
"AT2G44670"	0.0715406531352158	1.3406341111688e-06	5.27742176687333e-05	143.428571428571	0.0820147238200126	0.0104740706847968	2.96906068900531
"AT2G39310"	0.071493041478088	4.24925774997753e-05	0.00128687007432126	71	0.0879862054232219	0.0164931639451339	2.41540917122594
"AT5G02840"	0.07061410683952	6.23604717409076e-06	0.000216692033777249	108.071428571429	0.0830185706959768	0.0124044638564568	2.74257471307101
"AT1G23390"	0.0701524880997386	0.00010014231646005	0.00274522514746656	62.8571428571429	0.0881897647806739	0.0180372766809353	2.28962969484239
"AT5G65210"	0.0701168740327938	9.52464268718645e-05	0.0026251011607634	63.5714285714286	0.0880028745399279	0.0178860005071341	2.29871982687187
"AT2G43590"	0.0697932877938998	1.27538978411668e-05	0.000423031884238181	96.7142857142857	0.083117317304986	0.0133240295110862	2.64111863603962
"AT2G40205"	0.0697497924844157	5.23100551763633e-08	2.65430226994236e-06	442.428571428571	0.0762363004707169	0.00648650798630121	3.55496419411274
"AT1G79530"	0.0696232559718246	8.33462074245617e-06	0.000287010625297524	106.571428571429	0.0821379383936435	0.012514682421819	2.71442705609182
"AT2G31810"	0.0694128947764531	5.00674333847595e-06	0.000177190149927957	120.214285714286	0.0810263721032307	0.0116134773267775	2.80259153534862
"AT5G64770"	0.0689983553203753	7.71655506374147e-05	0.00219792731964264	69.0714285714286	0.0858243275403567	0.0168259722199814	2.35069678079761
"AT5G15970"	0.0689795408819549	8.27177733483397e-05	0.00231730742009133	68.1428571428571	0.0859724728242588	0.0169929319423038	2.33894000804623
"AT1G72645"	0.0688761728206729	5.11527915224574e-05	0.00152502991690688	75.5	0.0846589049738034	0.0157827321531305	2.42331485583438
"AT5G59030"	0.0687861887698897	1.22938413229523e-05	0.00040954527050635	102.071428571429	0.0816509636117078	0.0128647748418181	2.6660437046236
"AT4G37300"	0.0685568544100712	1.95850359041572e-07	9.03979187335254e-06	304.857142857143	0.0759065473893637	0.0073496929792925	3.36846844177015
"AT2G29340"	0.068369690249154	9.19166656276893e-06	0.000313704005362742	110.928571428571	0.080572460180464	0.01220276993131	2.72307814189696
"AT3G03780"	0.068296613139371	3.70324713778736e-05	0.00113270577124658	82.6428571428571	0.0831105436554662	0.0148139305160952	2.48807703782094
"AT5G65660"	0.0678162291870248	4.6164465384857e-06	0.000165286043821857	133.571428571429	0.0787257285023878	0.010909499315363	2.8512503110593
"AT5G44680"	0.0675483340691991	6.4383476660379e-05	0.00187926170732123	75.8571428571429	0.0832782929881465	0.0157299589189474	2.40442559408551
"AT5G39320"	0.0670028348907909	0.000331445541571385	0.00825408317500122	54.5714285714286	0.0870843199726728	0.0200814850818819	2.11654701219662
"AT4G30190"	0.0667957337985554	6.56203781201903e-07	2.77015612758621e-05	242.571428571429	0.0748582266331271	0.00806249283457163	3.21486299330834
"AT3G27770"	0.0663169142495273	3.78347769358633e-06	0.000137388654446723	153.642857142857	0.0763987239364071	0.0100818096868798	2.92179391545118
"AT3G04290"	0.0663133771197701	3.36730533407881e-05	0.00103407989858564	92	0.0800857932237894	0.0137724161040194	2.53976466460457
"AT5G61820"	0.0661220581082536	4.02588460102216e-05	0.00122649414763546	89.2142857142857	0.0801817040255349	0.0140596459172813	2.51171281647632
"AT1G33110"	0.065989149267999	0.000343751122929392	0.00850447002919255	56.0714285714286	0.0856557763304487	0.0196666270624497	2.12280099148397
"AT1G12780"	0.0646069359704685	0.00020245848557876	0.00524066525846102	66.4285714285714	0.0819203642928929	0.0173134283224244	2.24233070231722
"AT4G17340"	0.0642593504095587	5.12237859462417e-06	0.000180449033526484	163	0.0740249625792928	0.00976561216973408	2.9222294668791
"AT5G04950"	0.063485539836687	0.000101617110039753	0.00278067963258782	81.5	0.0784430669635231	0.0149575271268361	2.39077426360501
"AT3G02570"	0.0630819367866418	0.000205461901415349	0.00530944043387658	70.4285714285714	0.0796718104010049	0.0165898736143632	2.26376646244603
"AT4G04830"	0.0630437207537741	1.33465709333258e-05	0.000441225262121268	136.857142857143	0.0738011079100945	0.0107573871563204	2.77831476766937
"AT2G15620"	0.06286704436647	6.94317403349132e-07	2.91499175038961e-05	369	0.069734189107578	0.006867144741108	3.34408387332212
"AT5G67480"	0.0627736201602238	0.000210691294301846	0.00542627461156552	70.9285714285714	0.0792787875965284	0.0165051674363046	2.26401712566322
"AT4G17245"	0.0624442510816117	0.000379636961302721	0.00924889792528282	62.5714285714286	0.0805430052943658	0.018098754212754	2.15386890840515
"AT2G43550"	0.0614058358695511	6.73834614791646e-05	0.00195565182520212	99.5714285714286	0.0744787798053588	0.0130729439358077	2.51024537466512
"AT1G21680"	0.0607640163446462	0.000298311378614136	0.00746718596329591	71.1428571428571	0.0772332456176265	0.0164692292729803	2.22944895846642
"AT1G07610"	0.0603370054312838	6.08571954052728e-07	2.58331208418393e-05	624.785714285714	0.0662652184701542	0.00592821303887038	3.4825826229491
"AT4G27440"	0.0601715799664082	1.78200328271316e-06	6.84003409461298e-05	349.857142857143	0.0671642134657097	0.00699263349930146	3.26378494166902
"ATCG00950"	0.0599989362049914	5.46348814300934e-07	2.3650421554654e-05	739.714285714286	0.0657166996528597	0.0057177634478683	3.52273718882739
"AT4G24190"	0.0597740774775636	2.80399966509082e-05	0.000871571822877316	138.571428571429	0.0704549653768487	0.0106808878992851	2.72166980249013
"AT3G44750"	0.059272526563892	0.000161923407133502	0.00425611370654165	89.0714285714286	0.0733473865127765	0.0140748599488845	2.38162499431324
"AT1G56340"	0.059206858040292	2.02390177709288e-05	0.000647479558082909	158.857142857143	0.0691078708698785	0.00990101282958656	2.80320201301011
"AT1G25440"	0.0589920877673102	0.000184493571175115	0.00481631939469755	87.3571428571429	0.0732533973528833	0.0142613095855731	2.36078920306503
"AT5G20250"	0.0586048074328859	6.58959779404888e-05	0.0019197527869963	117.642857142857	0.070372159734836	0.0117673523019501	2.58021504513929
"AT3G02230"	0.0583427299419315	2.09396642366633e-05	0.000664346614415379	168.214285714286	0.0679474037711694	0.00960467382923793	2.822609901042
"AT3G11930"	0.0583405625867635	2.04292878317469e-05	0.000651515212276667	169.571428571429	0.0679049716494827	0.00956440906271917	2.82776946549357
"AT5G07440"	0.0579364533688243	1.08798984268521e-05	0.000366425414270509	217.857142857143	0.0663947243296881	0.0084582709608638	2.97263392778082
"AT1G09210"	0.0578371688020412	0.000148401763102601	0.00392087692721425	98.5	0.071002562847238	0.0131653940451969	2.43112039739687
"AT1G52230"	0.0574203147432868	1.79817609347044e-06	6.8716335302596e-05	566.714285714286	0.0634873255344551	0.00606701079116831	3.38741082171339
"AT1G78370"	0.0572108661972784	4.93390091949042e-06	0.000175016429838591	329.285714285714	0.064354617625118	0.0071437514278396	3.17128988279874
"AT1G70782"	0.0568964552518479	2.5905253203673e-06	9.54259855992992e-05	495.5	0.0631780881617708	0.00628163290992292	3.33021273877994
"AT5G56030"	0.0566688881306864	0.000363887829539888	0.00890208045502416	82.1428571428571	0.0715451505016722	0.0148762623709858	2.26584188306889
"AT1G07600"	0.0557278809312175	1.03825431652105e-06	4.15410160479596e-05	2239.64285714286	0.0606794429160424	0.00495156198482488	3.61525223609035
"AT3G08940"	0.055356637997807	1.54686297447748e-05	0.000503272361377769	250.857142857143	0.0633038972640002	0.00794725926619321	2.99376500513708
"AT1G21750"	0.0553097760312915	0.000126898288358546	0.00339963176714398	120.5	0.0669065615261445	0.0115967854948531	2.52842274179857
"AT5G16970"	0.0550326083954658	0.000111295876757622	0.00301324737709152	127.928571428571	0.0662215763686265	0.0111889679731607	2.5652243798372
"AT4G34710"	0.0545549886538492	8.90011785870115e-06	0.000304431709970394	365.071428571429	0.0614468134211881	0.00689182476733891	3.15638027067348
"AT5G51010"	0.0543262350706853	7.31749343320098e-05	0.00209987395824666	154.857142857143	0.0643648538387172	0.0100386187680319	2.68071234581711
"AT2G46220"	0.0540848398110293	8.7389460448617e-05	0.00243041033015355	148.714285714286	0.0643491950121853	0.010264355201156	2.64827909959817
"ATCG00920"	0.0534021338391769	4.34427481987854e-06	0.000156639217270162	813.857142857143	0.0590156721903122	0.00561353835113535	3.39411579837267
"AT4G26850"	0.0533016684495195	7.34719335361289e-05	0.00210445590562176	169	0.0628829522775813	0.00958128382806182	2.71437806642196
"AT5G13420"	0.0528843253857295	0.000104750695464229	0.00285622714820968	154.357142857143	0.0629406463522287	0.0100563209664992	2.64588939213932
"AT1G76100"	0.0524439996901266	6.73421456217627e-05	0.00195565182520212	189.571428571429	0.0614818830113143	0.00903788332118775	2.76610451416918
"AT1G20440"	0.0522398528962169	6.85267472658735e-05	0.00198132806623065	192.214285714286	0.061216355732077	0.00897650283586015	2.76969176378573
"AT5G16110"	0.0522131062717517	0.000103131018529545	0.00281707616389795	164.714285714286	0.0619246828998681	0.00971157662811637	2.67273714140045
"AT5G06860"	0.051967132283731	0.00040165308112694	0.00976973303998291	105.214285714286	0.0645842442499997	0.0126171119662687	2.35580053505812
"AT1G28290"	0.051849578357905	0.000172900156422684	0.00452136859559933	141	0.0624252765493146	0.0105756981914096	2.56137739642206
"AT2G37170"	0.0515478897110611	8.03030545635242e-05	0.00225791561125036	193.714285714286	0.0604903000255025	0.00894241031444135	2.75796816704588
"AT3G14990"	0.0508020759745702	2.00721658600855e-05	0.000643485082928767	444	0.0572818140385708	0.00647973806400057	3.14406978144692
"AT1G66200"	0.0505814129928187	1.62727549877228e-05	0.000528312918287849	548.785714285714	0.0566972096369367	0.00611579664411802	3.21266539275906
"AT1G03630"	0.0493840347354983	0.000229108738652672	0.00585143718518925	157.714285714286	0.0593236513014396	0.00993961656594131	2.57734529264503
"AT1G62380"	0.0483812760931705	5.64011933195108e-05	0.00167174446117637	358.714285714286	0.0553141827705789	0.00693290667740839	2.99611719456927
"AT1G29910"	0.0471371625511523	2.19373944605472e-05	0.00069170500558318	1599.07142857143	0.0522400932444699	0.00510293069331755	3.35575951932623
"AT5G11740"	0.0470884181371638	5.02645486869513e-05	0.00150146967656694	523	0.0532802456327933	0.00619182749562942	3.1051635498849
"AT1G03220"	0.046643152108643	0.000346574592015703	0.00853843898400101	175	0.0560527472527472	0.00940959514410423	2.57458052780589
"AT5G53460"	0.0454821139124685	0.000369250937584442	0.00901019326042037	194.357142857143	0.054410074238701	0.0089279603262325	2.60747127555987
"AT3G14210"	0.0440693638443747	0.000136813907231748	0.00363981999031128	477.928571428571	0.0504137903847764	0.0063444265404017	2.99025675528709
"AT5G14740"	0.0440565871212995	5.76124126413502e-05	0.00170434867049431	1790.14285714286	0.049103029922157	0.0050464428008575	3.28247334289566
"AT3G26740"	0.0412861716577878	0.000194736770264048	0.00505787502970554	861.642857142857	0.0468420416244699	0.00555586996668217	3.07571921848476
"AT3G51600"	0.0410225245896378	0.000216270657741213	0.00555130914443275	828.142857142857	0.0466181253672264	0.00559560077758863	3.05852605010799
