"Gene"	"effect.size"	"p.value"	"q.value"	"Mean"	"CV2"	"TechNoise"	"BioVar"
"AT1G43800"	1.72563744565203	0	0	16.7857142857143	1.76100567608037	0.0353682304283452	5.63780171028182
"AT5G03545"	1.53222970260486	0	0	46.9285714285714	1.54744212578703	0.0152124231821674	6.66849166573038
"AT1G07901"	1.15815542246083	0	0	10.1428571428571	1.2140753513497	0.0559199288888737	4.44035162863599
"AT4G22513"	1.11650582343813	0	0	178.428571428571	1.12344612402369	0.00694030058555916	7.33871707744711
"AT4G22505"	1.10330633854595	0	0	16.1428571428571	1.13992421549787	0.0366178769519229	4.96024595569996
"AT3G12900"	1.08344795965629	0	0	14.2857142857143	1.12430769230769	0.0408597326514004	4.78221334116961
"AT3G44006"	1.04592012970253	0	0	12.4285714285714	1.09228939906704	0.0463692693645149	4.55804234025017
"AT5G47990"	1.03186496038613	0	0	20.5	1.06154761359996	0.0296826532138331	5.1604052172057
"AT1G61275"	1.00172817746057	0	0	6.85714285714286	1.08253205128205	0.0808038738214805	3.74384147130723
"AT4G22490"	0.932379289057441	0	0	158.785714285714	0.93968478207962	0.00730549302217918	7.007051435895
"AT2G16005"	0.923949612030388	0	0	14.0714285714286	0.965370839832949	0.0414212278025612	4.5426410256514
"AT2G41240"	0.912280069664995	0	0	15.8571428571429	0.949485868404787	0.0372057987397922	4.67354713193092
"AT4G22485"	0.900100344893983	0	0	14.1428571428571	0.941332517090093	0.0412321721961098	4.51286205929448
"AT2G14247"	0.893026834338031	0	0	36.3571428571429	0.911502877181565	0.0184760428435332	5.62451950833676
"AT5G51720"	0.892994075174445	0	0	78.5714285714286	0.903686204704387	0.0106921295299413	6.40120077383191
"AT4G22517"	0.881742825741183	0	0	134	0.889661908597083	0.00791908285590054	6.8117800185828
"AT5G59330"	0.878579313251447	0	0	5.85714285714286	0.972498055186931	0.0939187419354843	3.37221037654602
"AT3G22231"	0.875632981597357	0	0	80.5714285714286	0.886158701969023	0.0105257203716669	6.39557421521154
"AT1G13609"	0.868760222309343	0	0	24.0714285714286	0.894630644738509	0.0258704224291654	5.11191666076711
"AT5G04790"	0.84692781884932	0	0	14	0.888540031397174	0.041612212547854	4.4163578709137
"AT1G29951"	0.830426621863732	0	0	6.57142857142857	0.914570306819834	0.0841436849561026	3.44216717476647
"AT3G14981"	0.77094279320167	0	0	6.07142857142857	0.861687516635614	0.0907447234339439	3.24727912179265
"AT5G38930"	0.762879352674246	0	0	6.85714285714286	0.843683226495727	0.0808038738214805	3.38420505509253
"AT4G22520"	0.757753987214392	0	0	72.7142857142857	0.768986117498745	0.0112321302843529	6.09725407330454
"AT2G24940"	0.748993330871457	0	0	9.92857142857143	0.806034088058828	0.0570407571873709	3.82077581511405
"AT4G35770"	0.72252695266549	0	0	81.6428571428571	0.732966879039171	0.0104399263736814	6.13356456538652
"AT2G36854"	0.709765120187691	0	0	9.42857142857143	0.76961926961927	0.0598541494315783	3.68462174994555
"AT4G26055"	0.708759604797521	0	0	8.28571428571429	0.776319399981707	0.067559795184186	3.52241348095916
"AT3G47340"	0.698055199605195	0	0	18.3571428571429	0.730737203265175	0.0326820036599802	4.48278431996001
"AT1G52060"	0.694602238031393	0	0	15.2142857142857	0.733211596532366	0.0386093585009734	4.24720711479268
"AT4G29030"	0.679650499220824	0	0	30	0.701196581196581	0.0215460819757573	5.02432150906939
"AT5G03552"	0.671156257307644	0	0	7	0.750392464678179	0.0792362073705354	3.24341360800609
"AT1G31258"	0.667742069718812	0	0	34.3571428571429	0.687061478681501	0.0193194089626894	5.15231633436019
"AT4G31940"	0.663001181637866	0	0	111.642857142857	0.671707443499472	0.00870626186160613	6.26963579266776
"AT2G04040"	0.648820089529111	0	0	7.85714285714286	0.719847425301971	0.0710273357728595	3.34124487753298
"AT2G47880"	0.64209857094954	0	0	14.8571428571429	0.68154016841147	0.0394415974619301	4.11100879868097
"ATCG00640"	0.64029569920723	0	0	8.85714285714286	0.703754102297286	0.0634584030900561	3.47118830504528
"AT1G25472"	0.615971955289572	0	0	7.92857142857143	0.686395335043984	0.0704233797544119	3.28491337616209
"AT5G48010"	0.610673224635891	0	0	19.0714285714286	0.642280554665354	0.0316073300294631	4.34487254234374
"AT3G05727"	0.610186690816586	0	0	237.214285714286	0.616395415312384	0.00620872449579761	6.63341540567443
"AT1G55990"	0.586387007798522	0	0	13.1428571428571	0.63045295913916	0.0440659513406376	3.83865247183042
"AT5G56080"	0.546085701774785	0	0	17.0714285714286	0.580928743706006	0.034843041931221	4.05941872720614
"AT1G62500"	0.538932872974429	0	0	16.4285714285714	0.574983277591973	0.0360504046175446	3.99543264135167
"AT4G22510"	0.530314208708157	1.0325074129014e-14	9.8204361309584e-13	7.78571428571429	0.60195658226127	0.0716423735531135	3.0707743919283
"AT5G07840"	0.529868973163216	2.38586927991946e-13	1.97326949466382e-11	7	0.609105180533752	0.0792362073705354	2.94245964221247
"AT5G45430"	0.529291094172151	0	0	33.7142857142857	0.548902835171149	0.019611740998998	4.80676127195322
"AT5G64110"	0.518989309925959	0	0	13	0.563495675921711	0.0445063659957526	3.66232092694425
"AT1G52070"	0.513354299703572	0	0	40.2857142857143	0.530417522721733	0.0170632230181612	4.95816635309281
"AT1G63245"	0.504439052716387	9.48205292061743e-10	5.36423350728461e-08	5.28571428571429	0.608080013485419	0.103640960769031	2.55266687675399
"AT1G25470"	0.50062615405313	0	0	10.2142857142857	0.556182924122677	0.0555567700695471	3.32352481965325
"AT1G64590"	0.493425960622214	1.6158161475488e-09	8.97426647204293e-08	5.28571428571429	0.597066921391246	0.103640960769031	2.52629834824461
"AT3G22235"	0.49123214415427	0	0	31.2142857142857	0.512095197085955	0.0208630529316842	4.61738983736013
"AT1G66800"	0.487141888224294	1.12270637231404e-10	7.08935500990668e-09	6.07142857142857	0.577886611658238	0.0907447234339439	2.67090078452695
"AT5G38940"	0.480335189757419	0	0	11.6428571428571	0.52956453009146	0.0492293403340411	3.42721618163666
"AT2G37770"	0.47670621023145	2.22044604925031e-15	2.25271653183275e-13	9.35714285714286	0.53698681715697	0.0602806069255204	3.15512082331204
"AT4G33610"	0.474086374579305	0	0	14	0.515698587127159	0.041612212547854	3.63144918840415
"AT2G01520"	0.473941836495649	0	0	115.642857142857	0.482484904736724	0.00854306824107477	5.81958568946579
"AT4G14690"	0.470870005223301	0	0	13.5	0.513875699060884	0.043005693837583	3.57881984289344
"AT5G48000"	0.470606807964205	0	0	26.1428571428571	0.494743394501524	0.024136586537319	4.35738687973953
"AT1G52050"	0.46663502612719	2.3804291870988e-12	1.79333521630047e-10	7.5	0.540854700854701	0.0742196747275112	2.86536748654372
"AT4G19112"	0.462911376534479	0	0	13.9285714285714	0.504716532645527	0.0418051561110473	3.59372054908564
"AT3G56970"	0.457052866394657	0	0	20.1428571428571	0.487191094705807	0.0301382283111498	4.01482124758926
"AT3G61930"	0.454808074992594	8.47399928005643e-12	6.1702067485119e-10	7.35714285714286	0.530391467331801	0.0755833923392071	2.81091638998766
"AT1G01580"	0.445322766786208	0	0	78.5	0.456020996326891	0.0106982295406827	5.41365628250823
"AT3G56980"	0.441244575591251	0	0	22.2142857142857	0.468944378477985	0.0276998028867339	4.08146919960991
"AT5G42800"	0.439529225460929	1.0547118733939e-14	9.96932005547102e-13	9.85714285714286	0.496954421340055	0.0574251958791259	3.11335776186901
"AT1G51470"	0.439284598776762	1.49020795703336e-11	1.02153084189791e-09	7.5	0.513504273504274	0.0742196747275112	2.7905026995852
"ATCG00710"	0.432165863677931	0	0	15.5714285714286	0.469981159317074	0.0378152956391431	3.63556111991842
"AT1G05065"	0.424538747420461	3.4688422134721e-09	1.8140495121862e-07	6.07142857142857	0.515283470854405	0.0907447234339439	2.50548065303817
"AT4G19690"	0.423372834705901	0	0	248.071428571429	0.42948437606633	0.00611154136042905	6.13492555859099
"AT3G27027"	0.422239627981223	6.09839196918927e-08	2.70569472265662e-06	5.21428571428571	0.527245694819348	0.105006066838125	2.32800272630868
"AT5G60530"	0.411490218221489	1.11022302462516e-16	1.2332389772807e-14	12.4285714285714	0.457859487586004	0.0463692693645149	3.30366401821302
"AT5G07475"	0.400743356138926	0	0	18.7142857142857	0.432877768464273	0.0321344123253465	3.7517687154917
"AT4G10270"	0.400687758438885	1.57606372397368e-10	9.71033917062000e-09	7.57142857142857	0.47424487225128	0.0735571138123949	2.68869539623826
"AT2G27550"	0.383893723257646	0	0	26.9285714285714	0.407442426354823	0.0235487030971768	4.11287670046496
"AT3G20395"	0.37598843531594	2.37472264075222e-11	1.57810170947456e-09	8.92857142857143	0.438971076923077	0.0629826416071371	2.80109971298368
"AT4G22880"	0.37113029088391	3.4446585583936e-09	1.80761427384944e-07	7.14285714285714	0.448861538461538	0.0777312475776282	2.52970390490501
"AT5G45070"	0.365548950063237	0	0	29.5714285714286	0.387349493839727	0.0218005437764904	4.15119982839296
"AT1G47600"	0.36547668983861	0	0	22.0714285714286	0.393329965768461	0.0278532759298508	3.81982117839964
"AT4G12545"	0.364484584733787	0	0	44.9285714285714	0.380196654581766	0.0157120698479796	4.59680068412064
"AT5G54370"	0.360185043387213	0	0	19.5714285714286	0.391086775657078	0.0309017322698644	3.66172913390864
"AT4G30140"	0.359910308977423	0	0	43.5	0.376007398599551	0.0160970896221276	4.54588927410698
"AT2G01530"	0.353778186497983	0	0	99	0.363086969147575	0.00930878264959222	5.28557883131344
"AT5G63660"	0.35186226796118	0	0	46.7857142857143	0.367108963526422	0.0152466955652422	4.58963983584513
"AT3G07273"	0.346611998761841	2.09832151654155e-14	1.92362993004393e-12	13.2142857142857	0.390461313704557	0.0438493149427162	3.15455340673011
"AT1G14960"	0.339530590248961	1.11022302462516e-15	1.14934516930242e-13	15.1428571428571	0.378303256017745	0.0387726657687837	3.28643135916736
"AT3G01940"	0.337301738278278	7.30954996530642e-09	3.70789104573444e-07	7.71428571428571	0.409570539200169	0.0722688009218907	2.50266708210951
"AT2G05510"	0.335982113321531	0	0	22.5	0.36338081671415	0.0273987033926188	3.72930273379304
"AT1G77120"	0.333616211352138	2.50807902224537e-08	1.17439835570862e-06	7.28571428571429	0.409901517167953	0.0762853058158153	2.42580023486688
"AT5G36920"	0.32989068726695	1.24302337090043e-06	4.49318994260398e-05	5.71428571428571	0.426057692307692	0.0961670050407421	2.14743490401941
"AT5G44585"	0.32680440671975	7.71948138744705e-09	3.90282617123486e-07	8	0.396634615384615	0.0698302086648651	2.50588740212599
"AT2G36030"	0.326230827927844	2.81935847890047e-07	1.13205797709518e-05	6.42857142857143	0.412155745489079	0.0859249175612344	2.26204113875716
"AT4G08780"	0.321894010995388	3.04208763513003e-07	1.21827604293181e-05	6.5	0.406918525261721	0.0850245142663326	2.25878919750174
"AT1G14250"	0.320387642473767	6.25055449954282e-06	0.000196937760608784	5.21428571428571	0.425393709311893	0.105006066838125	2.01832601544499
"AT5G04150"	0.320387642473767	6.25055449954282e-06	0.000196937760608784	5.21428571428571	0.425393709311893	0.105006066838125	2.01832601544499
"AT3G58550"	0.317457462261022	0	0	50.5714285714286	0.331861362168745	0.0144038999077228	4.52604928508906
"AT2G39530"	0.311765350141092	0	0	23.0714285714286	0.33858422726331	0.0268188771222177	3.65819402822644
"AT1G74770"	0.311036326980491	5.36237720893951e-14	4.74445676544427e-12	14.8571428571429	0.350477924442421	0.0394415974619301	3.15153368606037
"AT3G06390"	0.310841575160136	0	0	22.0714285714286	0.338694851089987	0.0278532759298508	3.60406713133197
"AT4G02380"	0.310582099168588	0	0	1943.21428571429	0.314841381146112	0.00425928197752498	6.20787111967942
"AT4G38080"	0.307414302269432	0	0	148.214285714286	0.314956400951349	0.00754209868191748	5.38404229457547
"AT2G47200"	0.306789360134456	2.77555756156289e-15	2.79724734913007e-13	17	0.34176204418419	0.0349726840497338	3.28869175340681
"AT5G37690"	0.304521219390672	0	0	29.8571428571429	0.326151310286289	0.0216300908956165	3.91442979141419
"AT5G09520"	0.30285622062619	3.8968828164343e-14	3.4883978059116e-12	15.6428571428571	0.340517054722347	0.0376608340961569	3.17659019949747
"AT2G22510"	0.300216674147283	0	0	42.3571428571429	0.316640478694117	0.0164238045468346	4.2689854297185
"AT3G13610"	0.299605118956535	0	0	45.7142857142857	0.315115685096154	0.0155105661396188	4.34455831607872
"AT5G15120"	0.292763378314459	1.51053919028588e-06	5.34590358087685e-05	6.5	0.377787892580792	0.0850245142663326	2.1516257025527
"AT5G09530"	0.292193026499914	0	0	35.5	0.311018875986144	0.0188258494862301	4.04621527056139
"AT1G26250"	0.287253255274211	8.44327878224416e-06	0.000258011679735324	5.78571428571429	0.382282250595008	0.0950289953207968	2.00819853528866
"AT5G10130"	0.287200666624436	0	0	23	0.314090446415588	0.0268897797911526	3.54605021599383
"AT1G11600"	0.278476322084855	5.65554461162687e-06	0.000179678659498409	6.21428571428571	0.367226643088712	0.0887503210038572	2.04884649044408
"AT5G13580"	0.277466574753885	3.51040497781341e-08	1.59944140575941e-06	9	0.339981006647673	0.0625144318937881	2.44319296154898
"AT2G25510"	0.277137042847915	0	0	261.071428571429	0.283142853729105	0.00600581088119057	5.55902726158839
"AT5G45428"	0.276971877801973	0	0	48	0.291933760683761	0.014961882881788	4.28627741290462
"AT5G18404"	0.275531431217156	5.21283213261725e-08	2.35397268231956e-06	8.85714285714286	0.338989834307212	0.0634584030900561	2.41735888831561
"AT4G30270"	0.273962326612526	0	0	123.5	0.282215612576707	0.00825328596418105	5.09568536340244
"AT3G49580"	0.268869566108629	2.03746428483198e-05	0.000578472602361438	5.78571428571429	0.363898561429426	0.0950289953207968	1.9370966659451
"AT4G36850"	0.266345393876133	0	0	119.428571428571	0.274744079893916	0.00839868601778361	5.03178094993927
"AT3G29250"	0.266133478654154	0	0	30.5	0.287391726789738	0.0212582481355838	3.75692391493709
"AT2G48140"	0.265085779575537	0	0	27.4285714285714	0.288277911324786	0.0231921317492496	3.63575295838993
"AT3G50400"	0.265029653918497	7.87931559304011e-05	0.00198194090404768	5.14285714285714	0.371438746438746	0.10640909252025	1.80350288455848
"AT2G19590"	0.264273643817233	2.53457959793479e-05	0.000702572537729903	5.78571428571429	0.35930263913803	0.0950289953207968	1.91875985025874
"AT4G12550"	0.260436552418247	1.11022302462516e-16	1.2332389772807e-14	24.7142857142857	0.285737784551644	0.0253012321333968	3.49741227484292
"AT3G08040"	0.258556773620209	2.25670368725339e-07	9.23185933135003e-06	8.71428571428571	0.322990097781821	0.0644333241616116	2.32561100403882
"AT3G02550"	0.257978671060567	4.70508411165582e-06	0.000152669445652832	6.92857142857143	0.337990630901673	0.0800119598411062	2.07869568652803
"AT5G63160"	0.257929291494791	0	0	151.714285714286	0.265389403280814	0.0074601117860227	5.15276970763829
"AT2G23540"	0.257226586924047	0	0	40.5714285714286	0.274197732440145	0.0169711455160979	4.01406078825427
"AT4G13493"	0.256028661176716	1.17372778163372e-12	9.25568855870506e-11	17.3571428571429	0.290363804767097	0.0343351435903807	3.08010372360037
"AT2G05540"	0.25583560918567	0	0	95.5	0.265339386361288	0.00950377717561807	4.80319402024676
"AT3G12820"	0.255342889393123	3.28321089204664e-08	1.50493684804716e-06	10.0714285714286	0.31163112829025	0.0562882388971269	2.4689339327924
"AT3G03820"	0.25382873472044	0.000142247869869827	0.00336137901192396	5.07142857142857	0.361680374773015	0.107851640052575	1.74566720259442
"AT1G59730"	0.25376359308121	1.13539524015938e-06	4.15347229921764e-05	7.92857142857143	0.324186972835621	0.0704233797544119	2.20269974690185
"AT5G26260"	0.251892689870122	0	0	70.2142857142857	0.263382741761364	0.0114900518912414	4.51870359704186
"AT2G35380"	0.249561579348186	1.97619698383278e-14	1.82265246666468e-12	21.7142857142857	0.277807372682719	0.028245793334533	3.29797696019429
"AT4G20390"	0.24923067900882	0	0	42.8571428571429	0.265509401709402	0.0162787227005819	4.02770353885506
"AT4G28940"	0.24794036901045	5.72208946891806e-13	4.6318488052125e-11	18.8571428571429	0.279861552588825	0.0319211835783755	3.13212725279369
"AT5G17220"	0.247020598488324	7.38253902454744e-12	5.40132109978668e-10	16.7857142857143	0.28238882891667	0.0353682304283452	2.99715707395719
"AT4G08770"	0.246834091799237	6.09387207362033e-10	3.56679020062901e-08	13.3571428571429	0.290257084846578	0.0434229930473414	2.74080020591794
"AT1G31690"	0.245082994959258	7.02970341195375e-05	0.00177704362995203	5.71428571428571	0.34125	0.0961670050407421	1.82721515159441
"AT5G58570"	0.244651139650193	0	0	34.5	0.263907065419353	0.0192559257691593	3.77665558504078
"AT1G50060"	0.243900897791086	1.77844594606569e-09	9.80593855334334e-08	12.7857142857143	0.289086338897518	0.0451854411064327	2.67757052256739
"AT5G03350"	0.243531164440442	6.22615757839284e-08	2.75435075662739e-06	10.2857142857143	0.298729819563153	0.0551986551227112	2.43613623408724
"AT5G45080"	0.243222508952666	1.52304929248448e-05	0.000440641903669749	6.71428571428571	0.32566075843577	0.0824382494831041	1.98198411219847
"AT5G47450"	0.241490732660637	1.04822817093009e-11	7.48917197427891e-10	17.0714285714286	0.276333774591858	0.034843041931221	2.98746941738368
"AT2G30766"	0.240833756536848	0	0	164.428571428571	0.248025407357262	0.00719165082041397	5.1080211308054
"AT1G47395"	0.236894737805624	0	0	65.7142857142857	0.24889850225389	0.0120037644482656	4.37399872972094
"AT1G02850"	0.235261290345595	0	0	37.4285714285714	0.253322605370854	0.0180613150252596	3.81000097955988
"AT5G53450"	0.235132767874218	0	0	74.5	0.246191266505667	0.0110584986314483	4.47655214895923
"AT1G49860"	0.234744542430669	0	0	57.7142857142857	0.247859372761343	0.0131148303306746	4.24025076672873
"AT5G62340"	0.233542099760481	1.75801595503344e-11	1.19435208945085e-09	17.5	0.267629513343799	0.0340874135833178	2.97292617782853
"AT2G38390"	0.232304121199606	0	0	64.0714285714286	0.244513412486925	0.0122092912873193	4.32386224088084
"AT5G02780"	0.230277545752034	6.66133814775094e-16	6.99118923672233e-14	29.0714285714286	0.252384444030636	0.0221068982786015	3.51305446481184
"AT1G68850"	0.23019384388668	1.65706669674748e-06	5.82384318501227e-05	8.71428571428571	0.294627168048291	0.0644333241616116	2.19301153828532
"AT5G58860"	0.229710471804727	1.11022302462516e-16	1.2332389772807e-14	31.7142857142857	0.25030748003721	0.0205970082324824	3.60319470165884
"AT2G20835"	0.229572058000268	3.18288169557368e-05	0.000868048273176349	6.71428571428571	0.312010307483372	0.0824382494831041	1.92020791461178
"AT3G02240"	0.229545818872678	7.55990048340038e-10	4.34137983231649e-08	14.6428571428571	0.269506246281975	0.0399604274092973	2.7536747912408
"AT4G11880"	0.229491200244551	1.95980998096701e-09	1.06515672465557e-07	13.8571428571429	0.27149128902769	0.0420000887831394	2.69244162628445
"AT5G44550"	0.229407069131481	0	0	72	0.24071106362773	0.0113039944962496	4.41239787941023
"AT3G08770"	0.228284592111494	0	0	104.071428571429	0.237334102208146	0.00904951009665208	4.71293591133232
"AT3G13857"	0.226971361301498	5.73476259368988e-07	2.19827751009503e-05	9.64285714285714	0.285584045584046	0.0586126842825471	2.28463056912582
"AT1G73330"	0.226578399187667	0	0	278.5	0.232457948789025	0.00587954960135769	5.3051203060611
"ATCG01060"	0.22639609183932	8.90600511116446e-08	3.87233102233431e-06	11.0714285714286	0.2779604578564	0.0515643660170794	2.43043333368839
"AT1G47400"	0.226149964225945	0	0	35.5	0.244975813712176	0.0188258494862301	3.7018524492277
"AT5G65207"	0.225070979357728	0	0	35.5714285714286	0.243867034402671	0.0187960550449428	3.69759294690333
"AT1G74460"	0.22314385499351	3.5527136788005e-15	3.51072706259649e-13	28.5	0.245614035087719	0.0224701800942091	3.45030941017775
"AT2G41800"	0.223028494938128	4.07721271616923e-05	0.00108473816634027	6.78571428571429	0.304640954613254	0.0816124596751258	1.90024857592479
"ATCG00905"	0.221640652675124	2.94243969189978e-08	1.36518436680887e-06	12.2857142857143	0.268502724965678	0.0468620722905538	2.51844407159939
"AT2G05380"	0.219788633178249	0	0	721.857142857143	0.224506546429371	0.00471791325112212	5.57246481137347
"AT1G64220"	0.219035871814356	1.88859750060999e-09	1.03383729367924e-07	14.8571428571429	0.258477469276286	0.0394415974619301	2.71224864053485
"AT3G46700"	0.217606441890286	3.89650778642725e-07	1.52827462613015e-05	10.5	0.2717599860457	0.0541535441554145	2.32720538399358
"AT3G27690"	0.216838356428652	0	0	50.2142857142857	0.231316336579494	0.014477980150842	3.99793491047464
"AT4G27450"	0.213661180219382	0	0	41.2142857142857	0.230429819062831	0.0167686388434492	3.78048993139966
"AT1G60960"	0.213432004001658	1.76654503802887e-07	7.36528284622556e-06	11.4285714285714	0.263509615384615	0.0500776113829573	2.3956179514
"AT5G10580"	0.213304053659703	0	0	45.1428571428571	0.228960472310897	0.0156564186511941	3.87027240900399
"AT1G13590"	0.213129417889806	2.45015119304526e-12	1.8367685150622e-10	22.4285714285714	0.240602676969264	0.0274732590794578	3.1305527254279
"AT5G09480"	0.212978483691253	0	0	42.7857142857143	0.229277724764081	0.016299241072828	3.81421950201209
"AT3G57157"	0.212840961186376	1.0325074129014e-14	9.8204361309584e-13	29.5714285714286	0.234641504962866	0.0218005437764904	3.42802220344076
"AT4G13235"	0.212708725664303	8.65973959207622e-15	8.3407542476086e-13	29.8571428571429	0.23433881655992	0.0216300908956165	3.4374843131497
"AT4G16690"	0.211725044785646	1.4739338638492e-09	8.21623646155937e-08	15.8571428571429	0.248930843525438	0.0372057987397922	2.74214560069999
"AT2G37130"	0.211291418277473	0	0	98.5714285714286	0.220623333818041	0.00933191554056796	4.56326832261497
"AT1G08115"	0.211031227573618	1.55431223447522e-15	1.58748480431167e-13	33	0.230981140072049	0.0199499124984314	3.53332073459169
"AT1G43310"	0.209015945181289	1.7726181408384e-05	0.000507062083971406	8	0.278846153846154	0.0698302086648651	1.99754618300774
"AT3G22620"	0.208578543716323	0	0	72.7142857142857	0.219810674000676	0.0112321302843529	4.29055796506857
"AT4G36570"	0.208356071792501	1.8058210184968e-06	6.30297804116613e-05	9.85714285714286	0.265781267671627	0.0574251958791259	2.2104836488981
"AT4G25400"	0.208345794539583	3.2667608107495e-07	1.30140225177974e-05	11.2857142857143	0.259006815968841	0.0506610214292584	2.35404199394698
"AT3G25820"	0.208089290214595	0	0	74.2857142857143	0.219168183887119	0.0110788936725241	4.30615265338566
"AT2G43610"	0.20788748263431	5.55111512312578e-16	5.94907534814987e-14	35.7857142857143	0.226594867994703	0.0187073853603933	3.59843534746896
"AT3G25190"	0.206610345500461	0	0	83.5714285714286	0.216901386289946	0.0102910407894851	4.39757847139282
"AT4G04810"	0.206251825425157	1.59305405200705e-07	6.71553921425021e-06	12.0714285714286	0.253874972057109	0.0476231466319511	2.41438332282906
"AT2G43670"	0.204719482505518	0.000130287751875846	0.00309799845007285	6.64285714285714	0.288001280717202	0.083281798211684	1.79000210262063
"AT5G49350"	0.204552159448577	1.64116563283745e-05	0.000472122090747076	8.28571428571429	0.272111954632763	0.067559795184186	2.00996348002238
"AT5G33370"	0.202737137026229	3.01957219595028e-06	0.0001016633842433	9.78571428571429	0.260552383840785	0.0578152468145562	2.17205154430458
"AT2G25160"	0.202025344982225	0.000235734083283035	0.00533839476101372	6.28571428571429	0.289812460267006	0.0877871152847812	1.72303851103972
"AT1G66100"	0.201408519471072	0	0	83.7857142857143	0.211683440508474	0.0102749210374024	4.3647092031869
"AT1G56680"	0.200375651347665	3.95178834382559e-05	0.0010569123904453	7.78571428571429	0.272018024900779	0.0716423735531135	1.92481721230207
"AT3G58810"	0.198382672241967	2.67000865861178e-11	1.76661703333713e-09	22.2142857142857	0.226082475128701	0.0276998028867339	3.02890155022514
"AT5G59090"	0.194898533648984	8.43769498715119e-15	8.17865237671763e-13	35.5	0.213724383135214	0.0188258494862301	3.50496463910083
"AT3G25770"	0.194818987689522	0	0	119.5	0.20321503744413	0.00839604975460811	4.59715263594039
"AT4G22610"	0.194734062400766	8.48436850389156e-05	0.00209602467357503	7.42857142857143	0.269629039599454	0.0748949771986876	1.8480350128144
"AT5G10380"	0.192530186099319	6.89090745794596e-05	0.00175068163096864	7.71428571428571	0.264798987021209	0.0722688009218907	1.87345274064971
"AT1G21400"	0.191835491909568	2.94455082539002e-09	1.56678931681068e-07	17.6428571428571	0.225679187307799	0.0338436953982316	2.7373143655019
"AT3G28550"	0.191803999474355	5.21387133467499e-09	2.69879911466272e-07	17	0.226776683524088	0.0349726840497338	2.69697188651035
"AT3G62040"	0.191161898179486	0	0	159.142857142857	0.198459946687983	0.00729804850849649	4.765193320669
"ATCG01020"	0.190625509520485	1.11022302462516e-16	1.2332389772807e-14	47.7857142857143	0.205636601663065	0.01501109214258	3.77599622533117
"AT1G80240"	0.190113866567026	2.99760216648792e-15	2.98153658624923e-13	39.5	0.207437171064795	0.0173233044977686	3.58188837465296
"AT3G55230"	0.18987491420417	4.78173056706055e-13	3.89135699302286e-11	30.0714285714286	0.211379291039189	0.0215043768350196	3.29713181207589
"AT4G31320"	0.189843354842591	3.88964424786753e-05	0.0010439613080079	8.35714285714286	0.256859803210888	0.067016448368297	1.93839400005919
"AT2G30210"	0.18862358563693	1.56775264326114e-07	6.64236500621529e-06	13.7142857142857	0.231019631410256	0.0423960457733266	2.4460138352944
"AT2G47270"	0.188393985612771	5.67650530358677e-07	2.18144085126221e-05	12.4285714285714	0.234763254977286	0.0463692693645149	2.33996571662275
"AT5G23020"	0.188157914471001	2.22044604925031e-16	2.44860492590516e-14	46.7142857142857	0.203421824834164	0.0152639103631628	3.73627796275729
"AT3G58990"	0.187876030715724	2.99760216648792e-15	2.98153658624923e-13	40.5714285714286	0.204847176231822	0.0169711455160979	3.59339215364165
"AT5G63560"	0.187325459258126	5.82952319749808e-09	2.99708391957857e-07	17.5	0.221412872841444	0.0340874135833178	2.69942805936601
"AT1G56320"	0.186980600381116	6.02997040521913e-07	2.29410224066562e-05	12.5	0.233107692307692	0.0461270919265758	2.33731036670668
"AT1G70850"	0.186261258830999	0	0	136.071428571429	0.194120501745277	0.00785924291427791	4.62641834046987
"AT4G15160"	0.185848395154812	6.20324347444523e-10	3.61689498827998e-08	20.5	0.215531048368645	0.0296826532138331	2.86020375242678
"AT4G00080"	0.185780455434505	1.72097314177222e-09	9.52355246235987e-08	19.2142857142857	0.217182438904085	0.0314019834695799	2.78997986011783
"AT4G17280"	0.185631202785951	3.17131455540576e-08	1.4669016688196e-06	15.7857142857143	0.22298730732219	0.0373561045362385	2.57754566777128
"AT5G53486"	0.185208092404976	0.000326034388914209	0.00712872317600063	6.71428571428571	0.26764634188808	0.0824382494831041	1.69894215872961
"AT3G52790"	0.184804152999889	3.2703980856752e-08	1.50493684804716e-06	15.8571428571429	0.222009951739681	0.0372057987397922	2.57702495139312
"AT4G22460"	0.183618235768078	4.15976393663975e-07	1.62733387115125e-05	13.2142857142857	0.227467550710794	0.0438493149427162	2.37503454417363
"ATCG00520"	0.183539673885853	4.23060861465263e-06	0.000138157514802111	10.8571428571429	0.236043042829746	0.0525033689438934	2.16856805816395
"AT5G52790"	0.182904946454022	0.000194760461529997	0.00447038416827073	7.28571428571429	0.259190252269837	0.0762853058158153	1.76453436683252
"AT5G15960"	0.182808832009992	1.96471143798504e-08	9.40219454819384e-07	16.7142857142857	0.218311165056727	0.0355023330467348	2.62040017576835
"AT1G21100"	0.182742504653876	1.79697923208266e-10	1.08949920134797e-08	22.7857142857143	0.209847659636872	0.0271051549829957	2.95270321223971
"AT3G52520"	0.181795479666877	0.000388004582228318	0.00832814348709528	6.71428571428571	0.264233729149981	0.0824382494831041	1.68042886107828
"AT1G05340"	0.181707442348445	2.23865916915145e-08	1.05147886531317e-06	16.7142857142857	0.21720977539518	0.0355023330467348	2.61310329223159
"AT3G45070"	0.181514785151419	3.95316038792615e-08	1.79045222569822e-06	16.0714285714286	0.218277682811016	0.0367628976595973	2.56984224380539
"AT2G40205"	0.181308727696112	0	0	338.857142857143	0.186851393773993	0.00554266607788038	5.07516742099107
"AT2G28780"	0.181261806790776	3.29407385035729e-07	1.30885681082865e-05	13.7142857142857	0.223657852564103	0.0423960457733266	2.39929179405122
"AT3G49845"	0.181235709300466	5.99616243213141e-07	2.28695739078135e-05	13.0714285714286	0.225520664649931	0.0442849553494653	2.3483710655334
"AT2G43535"	0.180756948261873	0	0	121.142857142857	0.189093221992497	0.00833627373062402	4.50355119002671
"AT3G18000"	0.180482751873085	4.33573732139259e-07	1.68750001424431e-05	13.5	0.223488445710668	0.043005693837583	2.37760065991607
"AT3G48450"	0.180207243683912	2.83787262578272e-08	1.32069558468384e-06	16.6428571428571	0.215844830444473	0.0356375867605613	2.59852298863087
"AT2G41480"	0.180169791335135	0.000105313275701291	0.00254390068194007	8	0.25	0.0698302086648651	1.84000490602126
"AT3G01260"	0.179144127623632	4.24349737470076e-05	0.00112700773208021	8.92857142857143	0.242126769230769	0.0629826416071371	1.94273641757952
"AT5G13900"	0.178641847661244	1.0709339931525e-06	3.92710205007103e-05	12.7142857142857	0.224058733842852	0.0454168861816083	2.30257626184327
"AT2G12646"	0.177821996712837	0.000141047359137669	0.00333819395234378	7.85714285714286	0.248849332485696	0.0710273357728595	1.8088262410054
"AT4G27657"	0.177729625294133	1.33152203096731e-06	4.76778876876719e-05	12.5714285714286	0.22361729179911	0.0458876665049769	2.28485340339265
"AT3G44540"	0.177138972851388	1.00971637918557e-05	0.000302477635008778	10.5	0.231292517006803	0.0541535441554145	2.0945909260445
"AT5G37990"	0.177086293930326	2.8199664825479e-14	2.56971556475532e-12	40.7142857142857	0.194011885313824	0.0169255913834982	3.51886688785894
"AT1G16400"	0.176895433786876	2.34929853348831e-11	1.57189965235205e-09	27.3571428571429	0.200137706303813	0.0232422725169365	3.1061699587002
"AT1G02930"	0.176689360490412	1.09988216312473e-08	5.43441777871175e-07	18.3571428571429	0.209371364150392	0.0326820036599802	2.6794957977887
"ATCG00070"	0.176632363473722	2.06612504882742e-13	1.75655256944445e-11	36.4285714285714	0.195079998817023	0.0184476353433012	3.40255806317305
"AT1G32450"	0.176309467126046	0	0	108.928571428571	0.185133293366134	0.00882382624008775	4.39101617328231
"AT4G13860"	0.176093815638509	1.17383880393618e-12	9.25568855870506e-11	33.0714285714286	0.19600925363419	0.0199154379956814	3.29896265182956
"AT3G13435"	0.174814380046588	2.14994688718662e-12	1.62775580742318e-10	32.3571428571429	0.195081412308727	0.0202670322621385	3.26686956907704
"AT2G16060"	0.174069566909205	5.52615730953221e-11	3.56343482781615e-09	26.7142857142857	0.197775172295462	0.023705605386257	3.06056118701706
"AT5G03285"	0.173828738737608	2.23598917159507e-13	1.87996039852672e-11	37.5	0.191863247863248	0.0180345091256404	3.41124632365005
"AT1G51840"	0.173673748775023	1.64120615320229e-07	6.89941304956698e-06	15.4285714285714	0.211802258098554	0.0381285093235317	2.47377593698034
"AT1G52400"	0.173660125641707	1.2859435738477e-10	8.02028250279277e-09	25.4285714285714	0.198362677595098	0.0247025519533905	3.00540860927036
"AT2G03200"	0.173521760965752	2.49050253303684e-05	0.000691614371309392	9.85714285714286	0.230946956844877	0.0574251958791259	2.00780575832353
"AT1G05680"	0.173003136957114	5.97995546530727e-05	0.00153981323639672	9	0.235517568850902	0.0625144318937881	1.9135734946716
"AT1G21310"	0.172516149681403	0	0	242.714285714286	0.178674556631191	0.00615840694978874	4.8586331937526
"AT3G45140"	0.172178272190671	0	0	89.5714285714286	0.182047114305991	0.0098688421153206	4.20528723497741
"AT1G23720"	0.172144089133054	3.72393807679394e-07	1.46815776302203e-05	14.6428571428571	0.212104516542351	0.0399604274092973	2.40813142274416
"AT2G40113"	0.171601655653984	8.10968979021442e-05	0.00203316736783333	8.78571428571429	0.235543556186031	0.0639419005320471	1.8811603336396
"AT1G16410"	0.171542729094992	2.69190941943886e-05	0.000742128216395302	9.92857142857143	0.228583486282363	0.0570407571873709	2.00265614361126
"AT5G41010"	0.171315225626362	3.66373598126302e-15	3.59707962341036e-13	49.7142857142857	0.18589870626137	0.0145834806350082	3.67210973656506
"AT2G18370"	0.170132516803938	4.77395900588817e-15	4.65705821484655e-13	49.7142857142857	0.184715997438946	0.0145834806350082	3.66290182372136
"AT3G16440"	0.170010259735905	6.65355238016474e-07	2.52503142447249e-05	14.2142857142857	0.21105527638191	0.0410450166460046	2.36234191973932
"AT3G54040"	0.169914642883515	0	0	101.357142857143	0.179099691465098	0.00918504858158246	4.28533168970798
"ATCG00820"	0.167316376370815	9.8018776206743e-08	4.2376412963472e-06	17	0.202289060420548	0.0349726840497338	2.53211787461546
"ATCG00330"	0.166436221897829	1.94289029309402e-14	1.81316208659709e-12	48.0714285714286	0.181381799185031	0.0149455772872017	3.6012391667523
"AT5G59320"	0.165658856327824	0.00026990757861256	0.00603150298285748	7.92857142857143	0.236082236082236	0.0704233797544119	1.7451631189078
"AT3G11550"	0.165427095543894	1.25558500263523e-08	6.16370728067836e-07	20.2142857142857	0.195472920990782	0.0300458254468884	2.70173230116674
"AT5G43180"	0.164852333782157	1.02773545229695e-09	5.77124653618266e-08	24.2857142857143	0.190529677934522	0.0256773441523654	2.89144784211756
"ATCG00730"	0.164731520296012	4.83967310671574e-11	3.14744210846154e-09	29.8571428571429	0.186361611191629	0.0216300908956165	3.10699307542253
"AT3G25572"	0.164127910413575	3.0730146987068e-06	0.00010323429952521	13.0714285714286	0.20841286576304	0.0442849553494653	2.23455577157886
"AT4G33560"	0.163685490329042	2.42385019944003e-07	9.83630728935421e-06	16.3571428571429	0.199875904496335	0.036190414167293	2.46542503904635
"AT1G11080"	0.16356817091811	1.69258850268861e-08	8.20312478787109e-07	20.1428571428571	0.19370639922926	0.0301382283111498	2.68420510010356
"AT2G40000"	0.162597003222912	9.21934195652341e-10	5.25467962151211e-08	25.0714285714286	0.187594631162459	0.0249976279395474	2.90775543232961
"AT1G15380"	0.162456853212935	4.44089209850063e-16	4.79301389751649e-14	65.6428571428571	0.174469339692456	0.0120124864795204	3.86036681489989
"AT4G14630"	0.161662814867809	3.57753614177447e-07	1.41410246767595e-05	16.1428571428571	0.198280691819732	0.0366178769519229	2.43692414418918
"AT1G19070"	0.161511143496074	5.26310467041657e-06	0.000167911796382389	12.7142857142857	0.206928029677683	0.0454168861816083	2.18782837816359
"AT5G56100"	0.160988071005238	1.91258120452176e-12	1.47744470915797e-10	38.6428571428571	0.178607163009977	0.0176190920047393	3.34157845828114
"AT3G05920"	0.159739537211261	7.13789705675261e-07	2.68872567845696e-05	15.5	0.197710718002081	0.0379711807908203	2.38041431415123
"AT3G28220"	0.15920172629687	6.1442403137546e-06	0.000194393033460951	12.7857142857143	0.204387167403303	0.0451854411064327	2.17737470679377
"AT3G19710"	0.158694316129547	0	0	110.071428571429	0.167467934883432	0.00877361875388487	4.2545690614046
"AT2G27230"	0.158567858510813	1.00249697432275e-09	5.65036998342358e-08	26.0714285714286	0.182759646058576	0.0241917875477632	2.91735827357219
"AT5G43350"	0.157669447980749	0	0	87.7857142857143	0.16765791223582	0.00998846425507137	4.0691138812146
"AT2G04800"	0.157572849498719	9.52760093042571e-12	6.83919957354804e-10	36.3571428571429	0.176048892342252	0.0184760428435332	3.25224844829792
"AT4G11320"	0.156564479934398	0	0	247.714285714286	0.162679082603413	0.00611460266901506	4.73362619540987
"AT3G09270"	0.156229147060113	0	0	97.5	0.165619784554696	0.00939063749458329	4.14050811363397
"ATCG00270"	0.156096914288973	1.1371903418933e-11	7.97500581701948e-10	36.6428571428571	0.174459991634507	0.0183630773455343	3.24801646985841
"AT3G53480"	0.155799838982689	4.01023658724853e-12	2.9625136109101e-10	39.5	0.173123143480458	0.0173233044977686	3.32101253826882
"AT4G37010"	0.155717131068553	7.01568803052055e-11	4.50484136913341e-09	32.5	0.175912608101957	0.0201954770334046	3.12275475894854
"AT2G41090"	0.155252404788461	0	0	97.7142857142857	0.164631194871269	0.00937879008280827	4.13369209924454
"AT5G38020"	0.155223485424459	8.24016022082930e-09	4.13857287922707e-07	23.2142857142857	0.181901866181156	0.0266783807566974	2.7694173340977
"AT2G45220"	0.154698281421566	2.54133863619721e-07	1.02312411020236e-05	17.7857142857143	0.188302173786279	0.033603892364713	2.4863493984465
"AT3G01420"	0.154698094190204	0	0	129.357142857143	0.162758262763111	0.00806016857290623	4.33577696440386
"AT5G48110"	0.153811759245881	0.000202594592770167	0.00462925602518978	9.07142857142857	0.215865354807633	0.0620535955617518	1.79854500564303
"AT2G48130"	0.152713827147481	2.04521954927372e-11	1.37717482747113e-09	36.8571428571429	0.170993329727781	0.0182795025802997	3.22564133058055
"AT1G67148"	0.152410069678359	1.17182736258936e-06	4.26623655595333e-05	15.9285714285714	0.189466910655754	0.0370568409773949	2.35413410690173
"ATCG00280"	0.152378854473148	5.93303184359684e-13	4.75204624188719e-11	47.4285714285714	0.167472950188148	0.0150940957150003	3.47187186098321
"AT1G30700"	0.151781686134982	7.11683303233901e-06	0.000220130010337673	13.5	0.194787379972565	0.043005693837583	2.17930062356951
"AT4G15390"	0.151749267152856	6.01374505748709e-12	4.42111943405017e-10	40.7142857142857	0.168674858536354	0.0169255913834982	3.31696680404034
"AT1G78090"	0.151748714030819	5.81176279212947e-07	2.22219613494036e-05	17.0714285714286	0.18659175596204	0.034843041931221	2.4209427587693
"AT3G14280"	0.15129386983019	3.83416368099354e-07	1.50770808520309e-05	17.7857142857143	0.184897762194903	0.033603892364713	2.46002750773496
"ATCG00490"	0.15121777858673	1.22124532708767e-15	1.25573725592028e-13	76.0714285714286	0.162130224467062	0.0109124458803328	3.89310666045772
"AT5G07842"	0.151089920383305	4.82798782662774e-05	0.00126676411630381	11.0714285714286	0.202654286400384	0.0515643660170794	1.97457436186077
"AT2G28160"	0.150524323960789	2.12965955981304e-09	1.14926096387357e-07	27.1428571428571	0.17391860217345	0.0233942782126609	2.89418462742896
"AT4G00670"	0.149695313701398	2.76481980643339e-08	1.29064502497863e-06	22.5	0.177094017094017	0.0273987033926188	2.6923359469356
"AT5G57090"	0.148934930308875	8.5269453720116e-08	3.71813910232872e-06	20.7142857142857	0.178351779017653	0.029416848708778	2.60001099570289
"AT4G22212"	0.14870586944699	3.74145159298678e-14	3.36907753503389e-12	61.7142857142857	0.161229160071753	0.0125232906247624	3.68642709446237
"AT5G46900"	0.148347521457457	5.53088974619698e-09	2.85318915788561e-07	25.9285714285714	0.172650623439504	0.0243031019820474	2.82864317137663
"AT3G44550"	0.148253159697638	7.96296973692989e-07	2.9701096435441e-05	17.2142857142857	0.182840144996444	0.0345869852988056	2.40228169329435
"AT4G17215"	0.148247554318472	6.97206281596863e-09	3.5485234760338e-07	25.5	0.172892082926685	0.0246445286082134	2.81053251558177
"AT1G17180"	0.148224131218638	4.49640324973188e-14	4.00153594470291e-12	61.4285714285714	0.160787119856887	0.0125629886382489	3.6779002252377
"AT5G02020"	0.148213082396565	2.4818144661598e-06	8.52275379246608e-05	15.5	0.186184263187385	0.0379711807908203	2.29375436915241
"AT4G37410"	0.14753897442467	0	0	163.214285714286	0.154754458226536	0.00721548380186653	4.42274103013455
"AT1G09560"	0.146993316887771	0	0	543.214285714286	0.151951199699761	0.00495788281198993	4.93774008391333
"AT5G07322"	0.14692316681429	1.649747005672e-11	1.12582286692002e-09	40.7142857142857	0.163848758197789	0.0169255913834982	3.27508659096009
"AT1G02920"	0.146829595316893	9.27795618110849e-11	5.88299738183788e-09	35.9285714285714	0.16547845515985	0.018648859842957	3.14948405976523
"AT3G53980"	0.146735756789716	1.12103659688501e-11	7.89811802379445e-10	42	0.163265306122449	0.0165295493327331	3.30409895462241
"AT2G20670"	0.146420200560027	8.88178419700125e-16	9.25773917191541e-14	87.5	0.156428257456829	0.0100080568968017	3.96626734536607
"AT3G23470"	0.146237184215601	9.20838464812945e-07	3.3930556313616e-05	17.3571428571429	0.180572327805981	0.0343351435903807	2.3948189187343
"AT2G38530"	0.144839297498411	0	0	117.785714285714	0.153299500053933	0.00846020255552166	4.17951697681406
"AT2G39510"	0.144647023889634	0.000145436734681148	0.00341551887095326	10.2857142857143	0.199845679012346	0.0551986551227112	1.85618135741798
"AT1G54740"	0.144145106991589	1.06376019104459e-11	7.56462737725076e-10	43.9285714285714	0.160124061278136	0.0159789542865475	3.3249452109129
"AT2G21045"	0.143996911459646	4.44089209850063e-16	4.79301389751649e-14	99.5	0.153278957602081	0.00928204614243434	4.0455729753399
"AT4G37070"	0.142996149987384	4.757360061447e-10	2.79527047934751e-08	33.5714285714286	0.162674374064143	0.0196782240767589	3.04731507145128
"AT2G36100"	0.14295350562536	1.28763666396026e-12	1.00488485908447e-10	52.5714285714286	0.156961156754399	0.0140076511290389	3.48612061586598
"AT4G30460"	0.1418094963884	4.9194541066333e-06	0.000158610704649885	15.5	0.17978067717922	0.0379711807908203	2.2432612000798
"AT1G66725"	0.141327962126453	2.33357795470512e-05	0.000650410060708838	13.2142857142857	0.185177277069169	0.0438493149427162	2.07828086894443
"ATMG01390"	0.141297994319544	1.95399252334028e-14	1.81316208659709e-12	75.8571428571429	0.152230000166417	0.0109320058468728	3.79962265897255
"AT3G54580"	0.141290659398006	9.03620726533383e-06	0.000273385690186581	14.6428571428571	0.181251086807303	0.0399604274092973	2.18134572663498
"ATCG00350"	0.140793677953616	1.89552817886351e-11	1.28205101448644e-09	44.4285714285714	0.15663768825957	0.0158440103059533	3.30542192827914
"AT3G07720"	0.140333421793402	8.55981951985996e-14	7.4863984743235e-12	68.5714285714286	0.152003205128205	0.0116697833348034	3.70325206371321
"AT5G42180"	0.140110278332557	3.45623870667833e-06	0.000114964568761704	16.3571428571429	0.17630069249985	0.036190414167293	2.28435861821271
"AT4G12470"	0.140060211193356	3.77843312193704e-11	2.47845669179474e-09	42.6428571428571	0.156400695225472	0.0163404840321166	3.25872430142557
"AT3G22240"	0.139744158804856	1.11022302462516e-16	1.2332389772807e-14	126.142857142857	0.147908086034698	0.00816392722984169	4.17929379273639
"AT1G22065"	0.139535273161911	3.68389327587426e-06	0.000121608433562374	16.3571428571429	0.175725687329204	0.036190414167293	2.27964557456896
"AT2G32300"	0.138988798942981	1.15201304473622e-06	4.20415695798461e-05	18.4285714285714	0.171559586378407	0.0325707874354267	2.39705923878098
"AT1G78340"	0.138541801574308	1.70744862693084e-10	1.03935812818534e-08	38.8571428571429	0.156085723316476	0.0175439217421681	3.15329539760002
"AT2G46750"	0.13812716230251	7.59943467820712e-06	0.000234105661807603	15.4285714285714	0.176255671626042	0.0381285093235317	2.20872764836846
"AT2G21100"	0.13766116844321	2.25499315759103e-05	0.000633888071820425	13.7857142857143	0.179858209926131	0.0421970414829216	2.09164625776205
"AT1G60680"	0.137394174659402	3.46752116320292e-06	0.000114964568761704	16.8571428571429	0.172629438932225	0.0352352642728233	2.29258657213056
"AT5G23980"	0.137371036579369	1.68283947218351e-05	0.000482287214457412	14.2857142857143	0.178230769230769	0.0408597326514004	2.12499475140695
"AT5G42250"	0.136912631490027	1.0296768011675e-05	0.00030785111120171	15.1428571428571	0.175685297258811	0.0387726657687837	2.17988162581415
"AT3G47980"	0.136905139448638	7.30799077697242e-07	2.74600008997448e-05	19.7142857142857	0.167611846250788	0.0307067068021493	2.44849841634212
"AT2G17500"	0.136813248684515	1.24605881168804e-11	8.69840504415994e-10	49.2142857142857	0.15150437350003	0.0146911248155145	3.36634267664421
"AT5G06860"	0.136811105890549	4.44089209850063e-16	4.79301389751649e-14	122.642857142857	0.145094200135958	0.00828309424540883	4.13067623756022
"AT4G13580"	0.136674594693667	1.86773582111499e-06	6.50416561229472e-05	18.0714285714286	0.169810255048268	0.0331356603546017	2.35746701161091
"AT4G04830"	0.136623473044203	6.66133814775094e-16	6.99118923672233e-14	117	0.145113707243885	0.00849023419968152	4.09523564014471
"AT5G48657"	0.136459408288347	3.3324903879639e-05	0.000905604262929191	13.3571428571429	0.179882401335689	0.0434229930473414	2.050522972316
"AT5G23940"	0.135434652866433	6.43916086007223e-08	2.84032318749505e-06	25	0.160492307692308	0.0250576548258742	2.67918084879049
"AT1G44800"	0.135068768757766	1.02029495963052e-13	8.82207312253252e-12	76.2142857142857	0.145968235766205	0.0108994670084393	3.74332496449827
"AT5G05960"	0.135042662667662	1.11022302462516e-16	1.2332389772807e-14	156.357142857143	0.142399680294729	0.00735701762706644	4.2746810490591
"ATCG00340"	0.13425155755985	1.37312383685639e-11	9.45529346121294e-10	51.2142857142857	0.148524716687039	0.0142731591271887	3.37932644467563
"AT4G29690"	0.13398288925409	0.000169139019255304	0.00392371584607808	11.2142857142857	0.184941189687833	0.050958300433743	1.85967750773696
"AT3G11340"	0.13328782727477	2.11160685603673e-08	9.97963761961707e-07	28.3571428571429	0.155851115491745	0.022563288216975	2.78811924444324
"AT5G64100"	0.133137085408569	2.11497486191092e-13	1.78809374714225e-11	74.8571428571429	0.144161851783785	0.0110247663752161	3.7088694588442
"AT5G44610"	0.133110025007341	6.84493032587774e-07	2.58476798261061e-05	20.7857142857143	0.162439490104492	0.0293294650971505	2.46947973881488
"AT3G43670"	0.13295674972469	1.3075947751795e-05	0.000381938143736691	15.4285714285714	0.171085259048222	0.0381285093235317	2.16577342699178
"AT1G14120"	0.132902828526281	5.99647504195833e-06	0.000190113244142754	16.7857142857143	0.168271058954626	0.0353682304283452	2.25026112409258
"AT1G30750"	0.132568787358598	4.17388604800895e-06	0.000136598275007742	17.5	0.166656200941915	0.0340874135833178	2.28956395541602
"AT1G31950"	0.132558570843355	0.00025146277353616	0.00564418950984259	10.7857142857143	0.185383232179425	0.0528246613360703	1.81122724077273
"AT5G15265"	0.132555611756362	0.000156791395059752	0.0036652096006441	11.5	0.182346953613494	0.0497913418571326	1.87271929632831
"AT1G22500"	0.132259227978643	2.70234334909247e-09	1.4429565293505e-07	34.2857142857143	0.151610576923077	0.0193513489444342	2.96986436242423
"AT2G43510"	0.131285594998774	5.37382437962863e-05	0.00139316625910032	13.3571428571429	0.174708588046116	0.0434229930473414	2.00841945154547
"AT3G24020"	0.131223054832936	1.38598870935702e-07	5.89161345781988e-06	24.7142857142857	0.156524286966333	0.0253012321333968	2.62910698024982
"AT1G22160"	0.131035797175814	0.000374531350084584	0.00806820759492965	10.3571428571429	0.185881276868197	0.0548454796923834	1.76093683504312
"AT5G42530"	0.130677461850241	0	0	330.071428571429	0.136261503636276	0.00558404178603512	4.60892448433824
"AT3G61060"	0.130407248741866	1.09080932895189e-05	0.000322328861514367	16.2142857142857	0.1668813827016	0.0364741339597345	2.19387738814706
"AT1G19020"	0.130009095941424	6.30444809146535e-06	0.000198225394743636	17.2857142857143	0.164469640051909	0.0344605441104848	2.25480391098822
"AT1G66280"	0.129841922205567	7.41510297608272e-10	4.27435746553132e-08	39.7857142857143	0.147069463064035	0.0172275408584681	3.09370903786895
"AT5G44568"	0.128723990953827	0.000320723416488033	0.00702268913973366	10.8571428571429	0.18122735989772	0.0525033689438934	1.78731887234139
"AT5G48070"	0.128508161728803	0.000198211330909137	0.00454274101472176	11.6428571428571	0.177737502062844	0.0492293403340411	1.85215780476138
"AT2G40670"	0.128183995712985	8.44366508379046e-07	3.13404134744203e-05	21.7142857142857	0.156429789047518	0.028245793334533	2.46940734528459
"AT1G74500"	0.127666363521429	2.22238961011811e-07	9.11599058942789e-06	24.8571428571429	0.152845107066272	0.0251787435448438	2.60179217145145
"AT3G17998"	0.127633003812956	2.55616374245093e-06	8.74150558036367e-05	19.5714285714286	0.158534736082821	0.0309017322698644	2.35903936049529
"AT5G66390"	0.126660244193616	8.0099027410796e-09	4.03624834151488e-07	34.1428571428571	0.146075874021813	0.0194156298281968	2.9114275084027
"AT3G53342"	0.126656151072999	3.15221182489722e-11	2.07663894161411e-09	55.5714285714286	0.140122907339619	0.0134667562666194	3.37921853106281
"AT1G02360"	0.126635078988059	2.1663522042914e-07	8.91014806619095e-06	25.2857142857143	0.151454661078332	0.0248195820902731	2.60933524951315
"AT5G59520"	0.126287306320108	1.97353244857368e-12	1.50920687449217e-10	72.2142857142857	0.137569592279945	0.0112822859598369	3.6080303048602
"AT5G26200"	0.125889999410607	1.00822514894627e-05	0.000302477635008778	17.2857142857143	0.160350543521092	0.0344605441104848	2.21821185780932
"AT1G05240"	0.125834106757017	2.98456925840185e-09	1.58254965067454e-07	37.7857142857143	0.143762405739743	0.0179282989827257	3.00337593792391
"AT5G01740"	0.125497504278509	2.91059259105442e-06	9.84297734459247e-05	19.8571428571429	0.15601199173478	0.0305144874562717	2.35409066176713
"AT4G15490"	0.125335604538312	6.94583208369348e-05	0.00175876327204072	13.8571428571429	0.167335693321452	0.0420000887831394	1.99428092769089
"AT2G38380"	0.125019979455425	1.08801856413265e-14	1.02206583388708e-12	130.071428571429	0.133057786958327	0.0080378075029022	4.04910710686633
"AT2G07732"	0.124692240471361	1.47581058485002e-10	9.16689203275415e-09	50.4285714285714	0.139125646560904	0.0144334060895431	3.2689046905146
"AT1G05000"	0.124134007706329	6.66257138348669e-09	3.40238292999666e-07	36.2142857142857	0.142667201733761	0.0185331940274321	2.94447026340565
"AT5G12940"	0.124034259456919	2.03156699907225e-07	8.42408354002222e-06	26.4285714285714	0.147953025790864	0.0239187663339444	2.62892431521201
"AT2G39430"	0.123776635716707	4.80360005570279e-05	0.00126254206645397	14.7857142857143	0.163389505544515	0.0396128698278082	2.04427419376127
"AT5G47500"	0.123371583139284	1.26121335597418e-12	9.89337363464693e-11	81.5	0.133822818380009	0.0104512352407253	3.67857876269701
"AT5G01600"	0.122959553058622	8.60611581998683e-12	6.23656526421712e-10	68.2142857142857	0.134669554014418	0.0117100009557962	3.52361062560976
"AT5G24030"	0.122817934031966	8.38262087099473e-06	0.000256673489768205	18.3571428571429	0.155499937691947	0.0326820036599802	2.25034566258645
"ATCG00770"	0.121278001614995	8.36223316684759e-05	0.00207125212796875	14.2142857142857	0.162323018261	0.0410450166460046	1.98358861878322
"AT3G24300"	0.121209183261475	8.75584019732756e-07	3.23413534278958e-05	23.8571428571429	0.147276152439478	0.0260669691780036	2.4982290874411
"AT3G23430"	0.121030551984067	6.66112498493021e-10	3.86904580231557e-08	47.3571428571429	0.136141398646261	0.0151108466621946	3.17144943420007
"AT5G66985"	0.120717301737144	3.13675078023046e-07	1.2528890649225e-05	26.6428571428571	0.144475768752519	0.0237584670153752	2.60431389027737
"AT5G48485"	0.120707531740792	1.6805445923751e-12	1.30482283707981e-10	85.4285714285714	0.130861554637575	0.0101540228967826	3.68791799165956
"AT5G12420"	0.120122987105288	4.72425837771961e-06	0.000152965455302419	20.2857142857143	0.150077060412311	0.0299540733070232	2.32487936843676
"AT2G25980"	0.120020564538116	1.75955069403599e-08	8.50058490852056e-07	35.5714285714286	0.138816619583059	0.0187960550449428	2.88467849950382
"AT5G25980"	0.119449979166848	6.66133814775094e-16	6.99118923672233e-14	266.714285714286	0.125413103958235	0.00596312479138729	4.39447575912105
"AT4G22235"	0.119428754553871	0.000409810133369937	0.00875911602475238	11.6428571428571	0.168658094887912	0.0492293403340411	1.77651125047404
"AT1G06570"	0.119271998364272	2.38952722275698e-07	9.72294793473683e-06	28	0.142072213500785	0.0228002151365133	2.63950507727668
"AT3G14940"	0.119111229474318	5.3838822289265e-11	3.48646467062993e-09	62.7857142857143	0.131488870390896	0.0123776409165783	3.40913241143029
"AT3G21870"	0.118805437424482	1.62714841600575e-10	9.94455606215885e-09	56.7857142857143	0.132069507961284	0.0132640705368023	3.31570192828269
"AT1G49310"	0.117956761007362	1.98414329410923e-09	1.07454422241118e-07	45.5	0.133521592524128	0.0155648315167669	3.10071120167732
"AT3G14620"	0.117611060114079	6.71434089671852e-06	0.000208954682548594	20.2142857142857	0.147656885560967	0.0300458254468884	2.29701217145058
"AT1G65970"	0.117221448196377	1.59919459119529e-06	5.63345909463191e-05	23.7857142857143	0.143354719931297	0.026133271734919	2.45562974768743
"AT2G44790"	0.117214645459154	2.3125945602942e-13	1.92865771926173e-11	120.785714285714	0.125563775653425	0.00834913019427112	3.91065059913726
"AT2G44080"	0.117171577450799	0.00017941838736546	0.00413069443105532	13.5	0.160177271288382	0.043005693837583	1.8970698613392
"AT4G21850"	0.116568344567921	2.02726724296554e-13	1.73319960131739e-11	126.071428571429	0.124734637638842	0.00816629307092082	3.93303698970313
"AT3G02020"	0.116026301474723	1.48157136559135e-08	7.22645930819524e-07	38.9285714285714	0.133545350365483	0.0175190488907608	2.93033338842705
"AT1G18970"	0.11588839178917	4.35769561278887e-05	0.00115532076368329	16.5714285714286	0.151662398243849	0.0357740064546793	2.08387983670714
"AT3G26470"	0.115885527597416	1.83799177458921e-05	0.000524775962958698	18.4285714285714	0.148456315032843	0.0325707874354267	2.18838795992954
"AT3G45710"	0.115112645188834	0.000161301890483467	0.0037590997999654	14.0714285714286	0.156533872991396	0.0414212278025612	1.91803265801534
"AT1G69810"	0.115103677304193	0.00036444084415832	0.00786675286014371	12.5	0.161230769230769	0.0461270919265758	1.80544084766311
"AT3G22600"	0.115052583610506	1.32762689730725e-11	9.18355732873718e-10	81	0.12554371402108	0.0104911304105744	3.58094775402411
"AT2G05070"	0.115013731032856	9.51461132103759e-14	8.27390600477429e-12	149.785714285714	0.122518545317516	0.00750481428466026	4.02903996145013
"AT3G01190"	0.114972548345904	8.91604567954118e-11	5.67717084314886e-09	66.2857142857143	0.126907213253453	0.0119346649075493	3.41054410735537
"AT2G43150"	0.114700105786267	3.46389583683049e-14	3.13771231219562e-12	177.642857142857	0.12165346343313	0.00695335764686365	4.12892378703033
"AT4G16260"	0.114626236839273	1.25304322473596e-10	7.84724765186496e-09	64.5714285714286	0.126771869371133	0.0121456325318602	3.38372511642402
"AT1G08430"	0.11420877722152	2.31010344409199e-07	9.42497431962251e-06	30.5714285714286	0.135426674818761	0.0212178975972417	2.67415831555005
"AT5G19520"	0.113598883735573	0.000462252592116852	0.00982480439501991	12.2857142857143	0.160460956026126	0.0468620722905538	1.77572963974121
"AT3G15240"	0.113451861659217	0.000300650627758636	0.00664421420370906	13.1428571428571	0.157517812999855	0.0440659513406376	1.83777872897084
"AT4G37483"	0.113313521513574	3.10073501715857e-05	0.000848108737797991	17.9285714285714	0.146681432407056	0.0333679108934816	2.13615298991842
"AT4G36430"	0.113309730547743	3.20095475148108e-06	0.000107059625072613	23.4285714285714	0.139780579325493	0.0264708487777505	2.40068757096222
"AT5G64120"	0.113207082304938	7.35077216873492e-08	3.22374786351032e-06	35	0.132244897959184	0.0190378156542452	2.79627220142447
"AT2G15490"	0.112812190356685	1.06192971942587e-05	0.000315633720121541	20.5714285714286	0.142405626780627	0.0295934364239419	2.26665701291576
"AT3G25930"	0.112649997960708	4.48544978937093e-10	2.65601458734034e-08	59.5	0.12549092035004	0.012840922389333	3.28876224158847
"ATCG00680"	0.112093365242864	8.2914240429055e-07	3.08505846173438e-05	27.7142857142857	0.13508751849702	0.022994153254156	2.55455540460091
"AT3G02380"	0.111941129441497	5.83276568155711e-08	2.59541017958877e-06	36.7142857142857	0.130276240134073	0.0183351106925764	2.82889310721655
"AT3G49780"	0.110824448318522	2.07637795845983e-10	1.245600804565e-08	67.7857142857143	0.122583269821614	0.0117588215030921	3.38194671106106
"AT2G18150"	0.11003756688775	3.86780491016259e-05	0.00103993383609283	18.2857142857143	0.142831655649038	0.0327940887612881	2.12280806496022
"AT4G15620"	0.10989960247893	1.70268377286398e-07	7.11852792731978e-06	34.1428571428571	0.129315232307127	0.0194156298281968	2.7356018101302
"AT1G17170"	0.109791505159699	4.75198658200782e-10	2.79527047934751e-08	63.7142857142857	0.122046878697927	0.0122553735382282	3.31594903654081
"AT1G23020"	0.109559410260053	1.18683188832236e-08	5.84505102799018e-07	45.5	0.12512424177682	0.0155648315167669	3.00699946130566
"AT1G77330"	0.109275897832884	3.50257951531319e-08	1.59944140575941e-06	40.8571428571429	0.12615625364415	0.0168803558112663	2.90179450416611
"AT3G57020"	0.109207017061762	1.85079540582223e-09	1.01680160598565e-07	55.8571428571429	0.12262528975528	0.0134182726935173	3.19198567198425
"AT3G48340"	0.108290691203427	7.35473123836261e-06	0.000227026977658017	23.0714285714286	0.135109568325644	0.0268188771222177	2.33280910899687
"AT2G47130"	0.107524365160152	0.000336724999706606	0.00733087417100876	14	0.149136577708006	0.041612212547854	1.84155523641277
"AT2G37760"	0.107464033789842	9.16563402952875e-09	4.55825551180943e-07	49.0714285714286	0.122186316995722	0.0147222832058794	3.05300940008041
"AT4G30170"	0.107420205173227	3.897770994854e-12	2.89347702437503e-10	124.357142857143	0.11564409376873	0.00822388859550322	3.81372705434144
"AT5G35480"	0.106864448511474	3.42224715121908e-05	0.000926686070235801	19.5	0.1378647650837	0.0310003165722259	2.15289893247778
"AT1G11580"	0.106181413787226	1.89281701423738e-10	1.1430511635978e-08	78.7142857142857	0.116861376508084	0.0106799627208583	3.45181967165402
"AT4G01440"	0.106049170952211	0.000349554605134195	0.00755613917746048	14.2142857142857	0.147094187598215	0.0410450166460046	1.84146126248692
"AT3G29780"	0.105650672149769	3.96178274010284e-05	0.0010577264866471	19.5	0.136650988721995	0.0310003165722259	2.14014104499826
"AT3G26440"	0.105599124396478	5.12896982177713e-05	0.00133881068178052	18.8571428571429	0.137520307974853	0.0319211835783755	2.10705863070293
"AT5G40730"	0.105417083893284	1.93745020027336e-12	1.48909682564444e-10	152.428571428571	0.11286092626009	0.00744384236680597	3.9223547801027
"ATCG00720"	0.105112525428273	3.46678882812146e-06	0.000114964568761704	26.6428571428571	0.128870992443648	0.0237584670153752	2.43941390797996
"AT3G09220"	0.104978970176393	1.1027482003656e-05	0.000325225234751234	23.2142857142857	0.131657350933091	0.0266783807566974	2.30304506483894
"AT3G12502"	0.104604796577029	8.81265381553753e-05	0.00216308009298145	17.7857142857143	0.138208688941742	0.033603892364713	2.04014806205225
"AT5G26280"	0.104449974825006	2.31925589844195e-13	1.92865771926173e-11	242.5	0.110610299467776	0.00616032464277073	4.1663355365491
"AT1G54000"	0.104377106910133	1.50677692545287e-10	9.32119156566738e-09	86	0.114490161001789	0.0101130540916556	3.50093296721726
"AT4G14400"	0.104239013438063	2.54321252343148e-05	0.000703683785119642	21.1428571428571	0.133140416924201	0.0289014034861373	2.20373713261366
"AT5G40690"	0.103805455339333	1.79337254202494e-06	6.27391801023806e-05	29.5	0.125649128234592	0.0218436728952587	2.52411329857776
"AT2G33830"	0.103669025752042	1.4210854715202e-13	1.22181235624827e-11	291.714285714286	0.109462900427569	0.00579387467552659	4.23976970017202
"AT5G14330"	0.103543928136878	2.07900252569004e-10	1.245600804565e-08	85	0.113729039126963	0.0101851109900849	3.48106706639796
"AT2G47540"	0.103338329711488	0.000339608941401282	0.00738309838606386	14.8571428571429	0.142779927173418	0.0394415974619301	1.85600328123761
"AT4G34600"	0.103204301880306	6.49320530676789e-09	3.3270571837843e-07	56.7857142857143	0.116468372417109	0.0132640705368023	3.13434274767247
"AT3G25780"	0.10278235621664	6.93745578850269e-05	0.00175876327204072	18.9285714285714	0.134598132376701	0.0318157761600615	2.08084416957688
"AT3G23180"	0.10263089942242	4.85463098589545e-05	0.0012715623811249	19.9285714285714	0.133050310643096	0.0304194112206764	2.12890774420672
"AT4G12480"	0.102420488647159	9.27853571752735e-10	5.26868494587057e-08	73.2142857142857	0.113603148309157	0.0111826596619976	3.3446675552394
"AT4G12030"	0.102273789514646	6.78004258736209e-07	2.5666340322009e-05	34.0714285714286	0.121721761925868	0.019447972411222	2.64589546517211
"AT5G17820"	0.102205597201167	3.49368978191933e-10	2.07683480864251e-08	83.3571428571429	0.112512840620638	0.0103072434194704	3.44835920614523
"AT5G43580"	0.102189220315261	2.41799003042331e-09	1.30024637042339e-07	65.6428571428571	0.114201706794782	0.0120124864795204	3.24897750026624
"AT4G21830"	0.102083633386758	3.1041961292777e-05	0.000848108737797991	21.3571428571429	0.130735071798371	0.0286514384116126	2.18996674463103
"AT5G24660"	0.101686729498706	0.000121900238011063	0.0029259902556031	17.7857142857143	0.135290621863419	0.033603892364713	2.00936158111995
"AT5G57625"	0.101305997055481	0.000193365077040597	0.00444506003384261	16.7142857142857	0.136808330102216	0.0355023330467348	1.94617033695011
"AT5G14200"	0.101288204036169	1.95978855366263e-09	1.06515672465557e-07	69.2142857142857	0.112886641560356	0.0115984375241877	3.282872403057
"AT2G04795"	0.101070868216334	0.000172190973836028	0.0039823742246758	17.0714285714286	0.135913910147554	0.034843041931221	1.96375062933423
"AT1G30510"	0.101024121946424	8.84792239475019e-11	5.65746567240791e-09	104.928571428571	0.110032287244943	0.00900816529851882	3.610549810923
"AT5G05250"	0.100908634239897	4.96949854045248e-06	0.000159885473126016	27.5714285714286	0.124001263843944	0.0230926296040471	2.42485045474655
"AT3G16430"	0.100862544756008	5.24307997018525e-08	2.36062695225678e-06	47.3571428571429	0.115973391418202	0.0151108466621946	2.94013743354022
"AT1G20070"	0.100710979112673	0.000273485324736922	0.00610249218745818	16	0.137620192307692	0.0369092131950189	1.89863927619049
"AT5G44380"	0.100231153148222	8.46949694044419e-07	3.13598064330121e-05	34.6428571428571	0.119424119296582	0.0191929661483593	2.63744464453811
"AT1G66270"	0.0997141806853978	4.00225408370147e-11	2.61400440539781e-09	125.285714285714	0.107906676053242	0.00819249536784399	3.71933736308098
"ATCG00020"	0.0991743682863791	2.35506059098611e-11	1.57189965235205e-09	140.357142857143	0.106915411958242	0.00774104367186248	3.78779793551765
"AT4G18360"	0.0987963054677644	2.04535793861815e-05	0.000578554964867863	23.9285714285714	0.124797367925013	0.0260010624572489	2.26294502586655
"AT5G41080"	0.0987931665349245	1.67647075444144e-07	7.02824571379885e-06	43.4285714285714	0.114910172064777	0.0161170055298528	2.83385088636094
"AT5G56870"	0.0985219498253757	9.87815003461456e-07	3.63105524702329e-05	35.2857142857143	0.117437906387078	0.0189159565617021	2.63422251497351
"AT4G30290"	0.0985115759433565	1.5288090860599e-05	0.000441469007052364	25	0.123569230769231	0.0250576548258742	2.30199624851018
"AT1G14870"	0.0984510488249649	1.08694164779877e-11	7.69352464939611e-10	167.857142857143	0.105577267820455	0.00712621899548989	3.88901860707599
"AT2G43100"	0.0984015629246531	1.06012333356276e-08	5.25503481764105e-07	61.3571428571429	0.110974533834046	0.0125729709093933	3.1418311540135
"AT1G66760"	0.0982970934994921	1.68389038801564e-06	5.90448016700968e-05	33.2142857142857	0.118144027321967	0.0198469338224749	2.57355865090422
"AT3G50970"	0.0979613866253272	1.24776737475685e-06	4.49965021541462e-05	34.7142857142857	0.117123067283104	0.0191616806577767	2.6117292317961
"AT3G54420"	0.0972931109980205	2.25763789543088e-05	0.000633888071820425	24.2857142857143	0.122970455150386	0.0256773441523654	2.25974384056379
"ATCG00950"	0.0970293227119668	8.28226376370367e-14	7.28551965063829e-12	1164.14285714286	0.10147000718062	0.00444068446865315	4.51412747918838
"AT3G15450"	0.0968369247994677	2.88546964100078e-13	2.36081059122311e-11	546.357142857143	0.101789229723653	0.00495230492418499	4.36134096113903
"AT1G31580"	0.0967089682175035	7.37188088351104e-13	5.87357504111366e-11	381.857142857143	0.102076591663822	0.00536762344631845	4.2492247871972
"ATCG00140"	0.0966544267230119	1.19532396070099e-06	4.34092770478419e-05	35.9285714285714	0.115303286565969	0.018648859842957	2.62827430110435
"AT1G65310"	0.0965423451741258	2.02525574302115e-05	0.000576081156958801	25	0.1216	0.0250576548258742	2.27881992614409
"AT4G06744"	0.0961337976974402	5.31800768777124e-06	0.000169308453959211	30.0714285714286	0.11763817453246	0.0215043768350196	2.45165407244437
"AT5G63600"	0.0955739635763567	1.40239986290425e-09	7.8462209976753e-08	88.2857142857143	0.105528445852699	0.00995448227634217	3.40614184397581
"AT3G05890"	0.0954009335515894	2.05202521641468e-12	1.56138598716993e-10	319.5	0.101037777027991	0.00563684347640124	4.16386348571026
"AT3G62270"	0.0950067784899512	3.82921327291008e-06	0.000126131964474341	32.1428571428571	0.115382336182336	0.020375557692385	2.50151092699938
"AT4G40090"	0.0949672371068108	2.05507189432463e-06	7.10774638359825e-05	34.8571428571429	0.114066731441093	0.0190994943342824	2.57827173033229
"AT1G73260"	0.0946462944937073	1.27615217060395e-07	5.45519205962104e-06	50	0.109169230769231	0.0145229362755234	2.91016121666929
"AT1G10682"	0.0943925670682398	8.87823148332245e-12	6.40326666887209e-10	235.5	0.100617455398582	0.00622488833034265	4.01468884283031
"AT1G45145"	0.0941813567742492	2.32166619262841e-10	1.38553396546742e-08	123.928571428571	0.102419893222906	0.0082385364486571	3.63596408018977
"ATCG00920"	0.0939945538905796	2.4757973449141e-13	2.03657751323799e-11	1296.14285714286	0.0983891588628175	0.00439460497223785	4.48469396556733
"AT5G04950"	0.0936967030870058	7.3566630565125e-10	4.25679461574172e-08	105.214285714286	0.102691236484443	0.00899453339743709	3.51312081743512
"AT1G18980"	0.0935022294272353	4.24091580852881e-07	1.65482709677414e-05	44.2142857142857	0.109403699147958	0.0159014697207228	2.78242949887059
"AT3G32980"	0.0923653088910296	1.29526389613943e-11	9.00060546641546e-10	256.5	0.0984070779905396	0.00604176909951002	4.02571913180796
"AT4G25100"	0.0919673218713567	5.90416604495658e-13	4.75204624188719e-11	1207.14285714286	0.0963918888855971	0.00442456701424042	4.44530356686062
"AT2G41380"	0.0913316062195598	2.57840603401505e-06	8.79779888467286e-05	36.8571428571429	0.109611108799859	0.0182795025802997	2.58409530149303
"AT2G03090"	0.0911102157580556	2.43548235800972e-07	9.85722620324254e-06	50.7857142857143	0.105470167639692	0.0143599518816361	2.87671216865772
"AT4G31910"	0.0908892633232862	5.47311399756722e-07	2.1086037674678e-05	45.8571428571429	0.106363934296505	0.0154746709732187	2.78102840726188
"AT4G12510"	0.0908731976782796	1.19535825682249e-10	7.51692642658042e-09	170.571428571429	0.0979494819801883	0.00707628430190863	3.79097394555116
"AT1G51830"	0.0902994050224061	2.8972550483175e-06	9.84161324225352e-05	37.2142857142857	0.108441755156879	0.0181423501344731	2.57948711108934
"AT5G56540"	0.0900111680442727	3.2801910632152e-08	1.50493684804716e-06	69.3571428571429	0.101593930553426	0.0115827625091536	3.13276293011146
"AT3G23175"	0.0899942627325717	9.44543814548338e-05	0.00229251479582083	22.7857142857143	0.117099417715567	0.0271051549829957	2.11109474080021
"AT4G21990"	0.0899714457417507	2.10091075647512e-08	9.96001865795586e-07	74.0714285714286	0.101070852459446	0.0110994067176949	3.1868125332054
"AT2G36120"	0.0899185887976043	8.58478466092549e-09	4.28338534327751e-07	84.7857142857143	0.100119361691476	0.0102007728938715	3.29497062649094
"AT2G46600"	0.0897567743808285	3.30348481902831e-09	1.74557055472128e-07	99.1428571428571	0.0990578905103567	0.00930111612952822	3.41279614391044
"AT4G33420"	0.089658934597589	3.34865617068747e-06	0.00011175405615246	37.0714285714286	0.107855828594911	0.0181968939973221	2.56734001779852
"AT3G18290"	0.0896107010337851	1.44369011878531e-06	5.13319538029787e-05	41.6428571428571	0.106247808956634	0.0166371079228494	2.67495651779931
"AT1G06360"	0.0893180613311175	1.5713309253762e-07	6.64236500621529e-06	56.9285714285714	0.102558854947439	0.0132407936163214	2.95339055873383
"AT2G28670"	0.0892575907131999	9.40655391107326e-05	0.00228672423991554	23.1428571428571	0.116006002837279	0.0267484121240787	2.11667430493887
"AT4G15610"	0.0891252068696385	2.04481839127801e-07	8.45599083654044e-06	55.2142857142857	0.10265327321738	0.0135280663477413	2.92375208454842
"AT3G28740"	0.0891152920544954	7.76697483850786e-06	0.000238783480994773	33.4285714285714	0.108860567440449	0.0197452753859537	2.46290206708947
"AT1G60740"	0.088509605783552	6.40147988917317e-06	0.0002004479855009	34.8571428571429	0.107609100117834	0.0190994943342824	2.49419373859896
"AT3G04290"	0.0877641555040914	1.37045597425889e-07	5.84190448635063e-06	61.0714285714286	0.100377289001481	0.0126131334973897	2.99243425136548
"AT2G41100"	0.0877084712766556	5.80883336986915e-08	2.5923409449463e-06	69.3571428571429	0.0992912337858092	0.0115827625091536	3.09968697120404
"AT4G23885"	0.0876178893540042	2.43334243932303e-06	8.37796498679136e-05	40.8571428571429	0.10449824516527	0.0168803558112663	2.63006149617777
"AT3G18560"	0.0874764578636814	0.000169874053107977	0.00393476916316163	21.8571428571429	0.115563704952402	0.0280872470887202	2.0407012284641
"AT1G78000"	0.0872514223465536	2.49243308880764e-07	1.0060967306492e-05	57	0.100480621256245	0.0132291989096909	2.92511968193777
"AT2G01020"	0.0869979585229887	2.56128451781024e-12	1.91066802902138e-10	2537.64285714286	0.0911937452234546	0.00419578670046594	4.44192163335312
"AT1G05260"	0.0868859995433513	1.1430025947945e-07	4.89977844720638e-06	64.6428571428571	0.099022618357193	0.0121366188138418	3.02839154581559
"AT3G51330"	0.0868021444057897	0.000308080530365351	0.00677510044956635	20.0714285714286	0.117033433252833	0.0302312888470429	1.95280633558581
"AT5G17170"	0.086532447734821	1.5987877688417e-10	9.81062591380364e-09	224.142857142857	0.0928706664113148	0.00633821867649371	3.87307364681052
"AT1G56430"	0.0864737710826076	7.10716512719589e-06	0.000220130010337673	36.1428571428571	0.105035710122495	0.0185619390398872	2.50046056785455
"ATMG00020"	0.0864604860144754	1.50381248564813e-08	7.31150747814479e-07	89.9285714285714	0.0963059737835286	0.00984548776905313	3.29009070249987
"AT3G09440"	0.0864173681355136	2.01906831809318e-07	8.39513160238851e-06	60.4285714285714	0.0991222560560119	0.0127048879204983	2.96382537574375
"AT5G14780"	0.0860606966431625	3.66702468390656e-09	1.91112265889349e-07	117	0.0945509308428441	0.00849023419968152	3.47721540580882
"AT4G30280"	0.0854058488132105	0.000131956165622782	0.00313277523938767	23.7857142857143	0.11153912054813	0.026133271734919	2.09359014274945
"AT3G19390"	0.0848258260302321	0.000293567280856943	0.00650292122282528	21.0714285714286	0.113811680993525	0.0289858549632932	1.97322769047049
"AT5G49360"	0.0846451344502677	8.07599278562776e-08	3.53162236240469e-06	74.1428571428571	0.0957376903115151	0.0110925558612473	3.10949518273161
"AT5G08000"	0.0843904186013364	4.04256646551193e-05	0.00107740414136884	29.3571428571429	0.106320979356304	0.0219305607549672	2.27741169222519
"AT5G41040"	0.0837715372362541	0.000211777066051022	0.0048318191771581	22.7857142857143	0.11087669221925	0.0271051549829957	2.03231696219326
"AT1G79530"	0.0833252165648852	2.0457660565576e-08	9.73541971780595e-07	98.8571428571429	0.0926416878921139	0.00931647132722867	3.31380600533089
"AT2G25810"	0.0823950324220621	3.84942468043548e-05	0.00103682380153747	31.0714285714286	0.103335670802972	0.0209406383809095	2.302961020151
"AT3G22183"	0.0823789893928863	9.48639298925524e-06	0.000286436366092235	38.6428571428571	0.0999980813976256	0.0176190920047393	2.50476083777501
"AT2G39310"	0.082052943305261	3.59196586918742e-08	1.63171751036699e-06	95.2142857142857	0.0915732712969344	0.00952032799167342	3.26584337843658
"AT2G42840"	0.081837890027456	9.01029362232464e-10	5.15483640392994e-08	215.357142857143	0.088271979389526	0.00643408936207	3.77814767012101
"AT1G76790"	0.0813777633932898	1.26831665192562e-06	4.5629415624123e-05	54.3571428571429	0.0950562609939493	0.0136784976006596	2.79687187659002
"AT2G27830"	0.0813399163903409	5.18441823811333e-05	0.00135096706759604	30.4285714285714	0.102638704503414	0.021298788113073	2.26873161657942
"AT1G69040"	0.0813273583001451	1.08372007966429e-05	0.000320857046154301	39	0.0988216254488444	0.0174942671486993	2.49794455588576
"AT3G16450"	0.0811338725168594	3.4063590836908e-09	1.7937014718203e-07	162.357142857143	0.0883663942390604	0.00723252172220103	3.61092716037383
"AT1G03850"	0.0804458236964827	6.31668825408216e-05	0.00162230034019358	30.1428571428571	0.10190869304546	0.0214628693489773	2.24736225543161
"AT5G66690"	0.080359023250926	2.58461933445586e-05	0.000713842777345722	34.9285714285714	0.0994276151790548	0.0190685919281288	2.38244828836394
"AT4G13660"	0.0802972075250113	0.000336074913533491	0.00732720348732473	22.7142857142857	0.107475057279258	0.0271778497542467	1.98349865602145
"AT1G19960"	0.079938487531522	1.38767447055432e-06	4.94558081800836e-05	56.3571428571429	0.0932730968729754	0.0133346093414534	2.80628545939271
"AT5G46890"	0.0795842794600537	6.89675437870463e-08	3.03337595766263e-06	95.6428571428571	0.0890798183093828	0.00949553884932913	3.22977683821709
"AT5G17330"	0.0795243243974625	1.92525215769734e-08	9.24242502707829e-07	123.357142857143	0.0877825496415961	0.00825822524413358	3.41003049998922
"AT3G03780"	0.0792100481982196	4.58659959456931e-07	1.78058348546316e-05	69.5714285714286	0.0907694188856567	0.0115593706874371	2.97314346404895
"AT3G22060"	0.0791533571181179	0.000177163691179039	0.00408496523085244	26.1428571428571	0.103289943655437	0.024136586537319	2.09740623403593
"AT4G04610"	0.078948796421275	1.46404301423209e-05	0.000424377268392074	39.8571428571429	0.0961526108941995	0.0172038144729245	2.48259755417094
"AT2G46140"	0.0784334151222652	6.39525370835781e-05	0.00163843385410419	31.7142857142857	0.0990304233547477	0.0205970082324824	2.26543700928732
"AT4G02520"	0.0781621513810129	1.84703766725747e-08	8.89500608238106e-07	135.928571428571	0.0860254626349536	0.00786331125394066	3.45155487871129
"AT4G25820"	0.0780899593217866	0.00022907780591408	0.00520314335880666	25.6428571428571	0.102619410989147	0.0245294516673608	2.06471676065299
"AT1G17860"	0.0776248115102258	3.70016561834774e-09	1.9218129822531e-07	214.785714285714	0.0840654080133318	0.00644059650310597	3.70624605304881
"AT2G31390"	0.0776180413820864	5.40405264981558e-08	2.42592546386117e-06	111.714285714286	0.0863212865914313	0.00870324520934498	3.3100910187843
"AT5G45950"	0.0775987242735378	6.41392267846097e-05	0.00164045504740872	32.4285714285714	0.0978299001159914	0.0202311758424536	2.27369529658811
"AT2G15960"	0.0775018395113844	2.44853726183436e-09	1.31203662149983e-07	247.857142857143	0.0836152165982992	0.00611337708691487	3.77372404938819
"AT4G13250"	0.0774276697615094	1.11267219993216e-07	4.78323320298521e-06	97.7142857142857	0.0868064598443177	0.00937879008280827	3.21032868316706
"AT5G45280"	0.0773447379840566	0.000129192057888194	0.00307675232698364	28.9285714285714	0.099541111228354	0.0221963732442975	2.1649685246267
"AT2G18980"	0.0771012688022329	1.97008975366675e-06	6.82934530097963e-05	59.0714285714286	0.0900064187949334	0.0129051499927005	2.80208098115992
"AT1G78460"	0.0770970939492677	2.16360416249728e-08	1.01937238838649e-06	141.142857142857	0.0848172463835727	0.007720152434305	3.45765640730178
"AT4G30660"	0.0763888331452836	1.00452216489355e-05	0.00030211103370257	46	0.0918278319034463	0.0154389987581626	2.57235228856846
"AT1G65490"	0.0762376515729017	1.88428873049151e-06	6.54682783119174e-05	61.5714285714286	0.0887807451510274	0.0125430935781257	2.82335360495899
"AT4G15760"	0.0759700809768517	2.11158581064907e-07	8.70843167112673e-06	93.1428571428571	0.0856134390281329	0.00964335805128119	3.15022975859217
"AT1G67860"	0.0759185008704418	2.39885051767086e-06	8.27793813558166e-05	59.7857142857143	0.088717116427449	0.0127986155570072	2.79322471388815
"AT5G15970"	0.0754377071236407	1.56860192090935e-06	5.53851137642657e-05	65.7142857142857	0.0874414715719064	0.0120037644482656	2.86483076655102
"AT1G62570"	0.0745274060525134	0.000159328462201902	0.00371880450581065	30.0714285714286	0.096031782887533	0.0215043768350196	2.15888163762683
"AT4G11650"	0.0743806972331597	7.10028356476489e-06	0.000220130010337673	52.4285714285714	0.088415649270656	0.0140349520374963	2.6552776107082
"AT3G02885"	0.0742480361801957	0.000144472918262695	0.00340338834384162	30.8571428571429	0.0953063997045478	0.0210583635243522	2.17817976572267
"AT5G13420"	0.073960585224562	5.57981990612078e-08	2.49746174503959e-06	141.214285714286	0.0816788499832427	0.00771826475868075	3.40361411516136
"AT5G50760"	0.073926561349855	4.60459144524528e-05	0.00121443106782916	38.2857142857143	0.0916728070325754	0.0177462456827203	2.36898000295007
"AT3G21770"	0.0739044547624825	3.55791583139808e-06	0.000117705137222209	60.4285714285714	0.0866093426829808	0.0127048879204983	2.76913901074436
"AT5G07440"	0.0738756388244751	1.33485598130534e-08	6.53178081141628e-07	211.714285714286	0.0803518130224026	0.00647617419792754	3.63311687930795
"AT5G10430"	0.073764619810271	5.07179016562276e-07	1.9639313674414e-05	87.9285714285714	0.0837433354925886	0.00997871568231768	3.0690483321547
"AT2G24945"	0.0736875968083025	8.96718342768832e-05	0.00218690059940001	34.2142857142857	0.0930710190955744	0.0193834222872719	2.2635086925726
"AT5G19240"	0.0736373633531327	0.000318261633342254	0.00697882642104095	27.0714285714286	0.0970828448916181	0.0234454815384854	2.04990647511809
"AT2G05100"	0.073630370343918	1.35255931168476e-05	0.000394315088222581	48.0714285714286	0.0885759476311196	0.0149455772872017	2.56719637155438
"AT2G42570"	0.0732916294011456	0.00031644818306531	0.00694907424226246	27.3571428571429	0.096533901918082	0.0232422725169365	2.05428455870833
"AT3G01290"	0.0731501480488599	5.19011000288394e-07	2.00464705644385e-05	90.4285714285714	0.0829632496486341	0.00981310159977417	3.07969130299317
"AT2G41660"	0.0731151481214871	0.000161855419587131	0.00376623207228894	31.2142857142857	0.0939782010531713	0.0208630529316842	2.17137586597142
"AT1G76930"	0.0727440452751656	7.4804236449566e-07	2.80386913864408e-05	85.7857142857143	0.0828723987082862	0.0101283534331206	3.03249202680445
"AT3G01950"	0.0727372106704401	3.71725052247251e-05	0.00100478007905838	41.3571428571429	0.089461702981529	0.016724492311089	2.41930780450049
"AT4G20070"	0.0725028409502347	2.0544222066099e-05	0.00058004076326882	46.4285714285714	0.0878361401911698	0.015333299240935	2.51814650624007
"AT4G28250"	0.0716531175836281	4.76585536623997e-06	0.000153984685697324	62.9285714285714	0.084011713271622	0.0123585956879939	2.76507567005476
"AT1G27020"	0.070911832394943	2.37047809488189e-05	0.000659486940546848	47.9285714285714	0.0858900694721955	0.0149782370772524	2.51962350788292
"AT4G33960"	0.0702041197753662	2.91021391496393e-06	9.84297734459247e-05	74.1428571428571	0.0812966756366135	0.0110925558612473	2.87360454070434
"AT4G18970"	0.0701898232613199	5.43106061513532e-05	0.00140322377658963	42.0714285714286	0.0866980800106786	0.0165082567493586	2.39281226275807
"AT1G22440"	0.0697230461311955	0.000389235841335211	0.00834280427244965	29.0714285714286	0.091829944409797	0.0221068982786015	2.05446805106141
"AT4G04745"	0.0694834672647069	0.000283670077216081	0.00632048497082623	31.2142857142857	0.0903465201963911	0.0208630529316842	2.11451874932949
"AT5G17300"	0.069217446073207	1.12573800994387e-05	0.000331363269542084	59.2142857142857	0.0821010835634527	0.0128836374902457	2.67186128972569
"AT5G23010"	0.0690838560275575	6.56434212931156e-06	0.000205125582184524	66.3571428571429	0.0810099671706478	0.0119261111430903	2.76397573599412
"AT3G04720"	0.0687663006372268	1.19804812459545e-06	4.34092770478419e-05	97.0714285714286	0.0781807898747214	0.0094144892374946	3.05385942869704
"AT5G23830"	0.0686719009695658	8.96187459135112e-05	0.00218690059940001	40.2857142857143	0.085735123987727	0.0170632230181612	2.32899619062359
"AT1G60140"	0.0685301605496233	9.88221459229388e-05	0.0023908989136014	39.7142857142857	0.0857815131403455	0.0172513525907222	2.31395728387429
"AT4G26320"	0.0682721241505979	1.07943552357659e-05	0.000320211497032915	62.2857142857143	0.0807171113542631	0.0124449872036652	2.69730979834458
"AT2G46650"	0.0679980265264743	8.52551526964174e-06	0.000259482582746816	66.2142857142857	0.0799412636532064	0.011943237126732	2.74274645650632
"AT3G54960"	0.0679869042250798	0.000345078994690717	0.00748064407578823	31.4285714285714	0.0887349014621742	0.0207479972370943	2.0965295783425
"AT3G10020"	0.0676637769534139	8.22476263405703e-05	0.00204851780302913	42.5	0.084045781208411	0.0163820042549971	2.35906352906509
"AT4G30670"	0.0676124648880055	8.62810216661902e-06	0.000262080756031154	67.2857142857143	0.0794290297312732	0.0118165648432677	2.74885568501535
"AT3G21510"	0.0674799292535262	9.25571892158583e-05	0.00225365648877909	41.7857142857143	0.0840737931073237	0.0165938638537975	2.34100630921553
"AT4G23680"	0.0674296292686653	8.17050323594914e-05	0.00204504470797161	42.9285714285714	0.083687901877774	0.0162582726091087	2.36384509472636
"AT3G09260"	0.0667977189357662	8.29923618717032e-09	4.15453211501178e-07	1590.14285714286	0.0711171873565298	0.00431946842076357	4.0412725856721
"AT5G53250"	0.0666931889655599	8.50549169995052e-06	0.00025939192923817	70.6428571428571	0.0781377292238423	0.0114445402582824	2.77135982051651
"AT2G34430"	0.066668504272341	1.08715666691239e-07	4.68678474704611e-06	232.071428571429	0.0729264366744128	0.00625793240207185	3.54268392311959
"AT3G20470"	0.066568782018585	0.000304561461142883	0.00671712509517737	33.7857142857143	0.0861474923129872	0.0195787102944021	2.13752306769589
"AT1G72645"	0.0663056425084622	1.48970701252527e-06	5.28446650736818e-05	108.071428571429	0.0751678212285096	0.00886217872004742	3.08438186081866
"AT4G19030"	0.0660296682487323	0.000331939317062324	0.00724742112920294	33.7857142857143	0.0856083785431344	0.0195787102944021	2.12846626733528
"AT1G62660"	0.0659449031170083	6.59779695810769e-06	0.000205748512517383	77.7142857142857	0.0767109728506787	0.0107660697336704	2.83294128263298
"AT2G28790"	0.065556487391255	0.000340831922217566	0.00739911582354767	34.1428571428571	0.0849721172194518	0.0194156298281968	2.1297710045148
"AT4G01390"	0.0653210008009379	8.88220455135258e-05	0.00217314130003993	45.7857142857143	0.0808135913580069	0.015492590557069	2.38301954696894
"AT2G29490"	0.065226458309915	0.000230075740511482	0.00521802178703983	37.5714285714286	0.0832342634595089	0.0180078051495938	2.20855518579793
"AT1G18250"	0.0647714145135818	8.07016753727741e-05	0.00202659751785953	47.7857142857143	0.0797825066561619	0.01501109214258	2.41004350655181
"AT3G48990"	0.0644743872288056	9.26437353498955e-08	4.01667340328977e-06	350.214285714286	0.0699666439067104	0.00549225667790474	3.67119633567784
"AT1G02900"	0.0643838816825674	8.34837883906259e-05	0.00207125212796875	48.2142857142857	0.0792969927192149	0.0149131110366475	2.41068490296175
"AT5G47560"	0.0640157965638791	1.58071914752034e-05	0.000455594393692509	70.7857142857143	0.0754452887443954	0.0114294921805163	2.7226695079137
"AT2G43590"	0.0639355807050509	4.55921963393724e-06	0.000148252573481318	95.7142857142857	0.0734270096132426	0.0094914289081917	2.95161364357249
"AT3G20370"	0.063852631933012	1.37454444049112e-06	4.91028575009246e-05	133.142857142857	0.0717970207876082	0.00794438885459621	3.17591583535039
"AT3G62450"	0.0637917093834363	0.000113813699877507	0.00273620360937742	46.2142857142857	0.0791776133300085	0.0153859039465723	2.36348337370448
"AT1G73120"	0.0637874808696753	0.000124124235704293	0.00296609629075329	45.3571428571429	0.0793887741621637	0.0156012932924885	2.34726939148951
"AT2G32150"	0.0635683834596265	0.000438712819347709	0.00936371905306231	34.6428571428571	0.0827613496079858	0.0191929661483593	2.10837948382377
"AT5G19120"	0.0634498091339282	3.86482333891713e-06	0.000127029981796201	103.214285714286	0.0725413507243227	0.00909154159039447	2.99620676044269
"AT5G14410"	0.0634295085733442	0.000306615609410144	0.00675264304486768	37.7142857142857	0.0813842092251183	0.0179547006517741	2.18038729913608
"AT1G43790"	0.0633158108293935	0.000162784963214646	0.00378207873313051	43.5714285714286	0.0793930498418539	0.0160772390124604	2.30399304784137
"AT1G10522"	0.0632976750354708	6.72335664162471e-05	0.00171097059150911	53	0.0772243064873894	0.0139266314519187	2.47120866608989
"AT3G08520"	0.0631993911938837	2.0471378037179e-08	9.73541971780595e-07	40463.2142857143	0.0672006265682178	0.00400123537433412	4.06995728110361
"AT4G29270"	0.0631025985958248	8.37048270929674e-05	0.00207125212796875	50.9285714285714	0.0774334572540206	0.0143308586581958	2.43383200337304
"AT5G18150"	0.0630940068747588	7.22488961899526e-05	0.00182335605674743	52.6428571428571	0.0770880631145116	0.0139940562397528	2.46169328514589
"AT1G64390"	0.0624732747882732	0.000124320818204904	0.00296609629075329	47.9285714285714	0.0774515118655257	0.0149782370772524	2.37042557082062
"AT1G22890"	0.0623232803793588	1.19157416749172e-05	0.00034939066822522	83.4285714285714	0.072625113674091	0.0103018332947322	2.81756741711897
"AT2G25060"	0.0618700089920944	3.94608581293365e-05	0.0010569123904453	64.1428571428571	0.0740701454090773	0.0122001364169828	2.6019948898879
"AT1G80920"	0.0618438333872526	7.55283084630243e-07	2.82405355820713e-05	199.214285714286	0.0684761181562566	0.00663228476900395	3.36802306112811
"AT1G28290"	0.0616048792417078	3.1037223687802e-06	0.000104036226890082	126.5	0.0697570173425131	0.00815213810080536	3.09708795823717
"AT4G23690"	0.0614169980863646	0.00013500761631724	0.00320022726653544	49.2857142857143	0.0760926114423279	0.0146756133559633	2.37433557457862
"AT1G77760"	0.0613696526626657	3.42312332923811e-07	1.356590906884e-05	305.071428571429	0.0670844690732155	0.00571481641054972	3.55319974495042
"AT4G21620"	0.0613243063523043	3.06992716103682e-05	0.000841768496156007	70.1428571428571	0.0728219975858736	0.0114976912335693	2.66303012268568
"AT5G57785"	0.060729807214398	2.30760646665606e-05	0.000644351471735266	77.9285714285714	0.0714772394081734	0.0107474321937753	2.73349190743386
"AT5G61820"	0.0606474221375513	5.06838428437906e-06	0.000162039226974119	118.357142857143	0.0690860339395167	0.00843861180196536	3.0333165003319
"AT3G07870"	0.0602263755241676	0.000288312831573267	0.00639583771265595	43.5	0.0763234651462951	0.0160970896221276	2.24532680184105
"AT1G58290"	0.0600726855177426	2.80094918980733e-06	9.53575945648501e-05	150.5	0.0675608097380484	0.00748812422030578	3.17351034634281
"AT3G13470"	0.0599584904028466	6.34292121381996e-06	0.00019902386604518	117.142857142857	0.0684432343385348	0.00848474393568821	3.01196491122437
"AT1G67865"	0.0597738117135918	8.85989484589178e-06	0.00026858541785813	107.714285714286	0.0686521507817654	0.00887833906817366	2.9509432067551
"AT1G73600"	0.0595424937167813	7.64585717460964e-05	0.00192640156429155	61.8571428571429	0.0720460728567871	0.0125035791400058	2.52657866864154
"AT5G13740"	0.0588696159063068	0.000349376093943365	0.00755613917746048	44.0714285714286	0.0748097023271772	0.0159400864208704	2.23056593924722
"AT2G22470"	0.0583931011487191	2.26437085276698e-05	0.000634607654464235	91.2857142857143	0.0681515090031919	0.00975840785447275	2.80402791403406
"AT5G65210"	0.0581225483509613	4.92619246702519e-05	0.00128808929490016	75.1428571428571	0.0691205597883445	0.0109980114373832	2.65187220949457
"AT5G18670"	0.0575980117764827	5.68808344910687e-05	0.00146713989709336	74.7142857142857	0.0686362323556186	0.0110382205791359	2.63646274062733
"AT3G15356"	0.0574007164876373	1.25457682482732e-05	0.000367156733081197	117.785714285714	0.065860919043159	0.00846020255552166	2.96065853376952
"AT2G02120"	0.0572701905805649	8.71244357730783e-05	0.00214193806719662	68	0.0690045248868778	0.0117343343063129	2.55595496845598
"AT5G64260"	0.0571398342186601	4.3342896215437e-06	0.000141240298630946	176.785714285714	0.0641075683015077	0.0069677340828476	3.20173321514596
"AT3G16460"	0.0569351066144714	4.11171333536409e-06	0.000134853563658557	185.285714285714	0.0637661550972561	0.00683104848278464	3.222611957003
"AT4G03210"	0.0564610191634271	7.86493284354872e-06	0.000241307556478073	151.642857142857	0.0639227663211223	0.00746174715769527	3.09874446349557
"AT3G30775"	0.0563564383365915	1.0552008960607e-05	0.000314863671299055	137.714285714286	0.0641695020084683	0.00781306367187676	3.03792751067289
"AT3G16530"	0.0560965162202698	9.68643519705381e-06	0.000291897367977752	145.928571428571	0.0636942801937271	0.00759776397345729	3.06751702281708
"AT1G01060"	0.0558976355134609	1.37615191748708e-05	0.000400426001535724	131.214285714286	0.0639001716846028	0.0080025361711419	2.99729060953497
"AT2G37040"	0.0557404852740898	1.85280914305475e-05	0.000528015908970171	120.214285714286	0.0641103447017256	0.00836985942763582	2.93728186774056
"AT1G24020"	0.0555080734838636	1.0594630111993e-05	0.000315516792650313	150.357142857143	0.0629995230310056	0.00749144954714201	3.07202410303144
"AT5G07030"	0.0546687475854325	0.000242217568726555	0.00546894207845803	60	0.0674358974358974	0.012767149850465	2.40108027792955
"AT5G51010"	0.0541623294275911	1.44188236532727e-05	0.000418751256403635	155.142857142857	0.0615457142730425	0.00738338484545143	3.05930413491177
"AT5G47610"	0.0538553243719498	0.000224715175327184	0.00511933463791779	64.3571428571429	0.0660281181073838	0.0121727937354341	2.43942021377395
"AT1G49032"	0.0537359681125877	0.000461830707858879	0.00982480439501991	52.7857142857143	0.0677029449517598	0.013966976839172	2.2771988074082
"AT3G16400"	0.0536961575585427	4.98885834854246e-06	0.000160169718034007	278.071428571429	0.0595786221332518	0.00588246457470912	3.34030212654817
"AT3G62650"	0.0536557154595229	3.8278176836104e-05	0.00103283208349615	113.571428571429	0.0622818595905104	0.00862614413098745	2.85202429372274
"AT3G62550"	0.053617079621059	1.64630451138237e-05	0.000472706831211639	156.714285714286	0.060966419946617	0.00734934032555802	3.05232816591272
"AT1G20450"	0.0533852468237978	0.000454503339151091	0.00968715940504384	54.0714285714286	0.0671149480169302	0.0137297011931324	2.28933389535101
"AT3G02120"	0.0533627123357984	0.000374833931503171	0.00806820759492965	57.2142857142857	0.0665573008290679	0.0131945884932695	2.33465057021791
"AT2G05440"	0.0533189213609827	2.93515038918279e-06	9.9040174329454e-05	445.5	0.0584894868471374	0.00517056548615476	3.49978335511339
"AT5G37740"	0.0533083736371857	0.000375715849451064	0.00807576807478289	57.3571428571429	0.0664800321908086	0.0131716585536229	2.33548406186298
"AT3G17510"	0.0531099136713016	2.04204974009192e-05	0.000578554964867863	152.285714285714	0.0605569977122554	0.00744708404095385	3.02354613764425
"AT3G50740"	0.0530486747689407	8.29256671285306e-05	0.00206203072281369	92.2857142857143	0.0627445573433745	0.0096958825744339	2.69404618893036
"AT3G45160"	0.0529211723098025	4.73218334378078e-05	0.00124592328937121	112.857142857143	0.0615766704053838	0.00865549809558121	2.83069511012561
"AT2G26980"	0.0526646258955697	8.20289535171659e-05	0.00204642067971185	95.5714285714286	0.062164280829446	0.00949965493387633	2.71013884076714
"AT2G01010"	0.0526538617620729	1.30396575070968e-06	4.68012990431601e-05	3185.35714285714	0.0568074411418087	0.00415357937973582	3.77365288769968
"AT4G27440"	0.0525262064457789	2.48659658552697e-06	8.52275379246608e-05	715.142857142857	0.0572509706137447	0.00472476416796583	3.59898592686882
"AT5G01870"	0.0520008838409774	5.21146803905692e-05	0.00135338089792437	119.071428571429	0.0604127986178871	0.00841191477690962	2.84434808187766
"AT3G15950"	0.0517753319692401	3.40082441832035e-05	0.000922526666630999	144.214285714286	0.0594160028817558	0.00764067091251565	2.95908032420223
"AT5G40850"	0.0516897121351723	5.03814961949622e-06	0.000161411707177881	449	0.0568510611020321	0.0051613489668598	3.46136719479168
"AT2G38230"	0.0515056561407588	2.06239004232334e-05	0.000581212067853269	186.714285714286	0.0583149538143804	0.00680929767362158	3.09828797570702
"AT2G35120"	0.0512367990729652	6.64539471262326e-05	0.00169396342942547	117.285714285714	0.0597160661192374	0.00847926704627224	2.81610766128545
"AT1G62180"	0.0510718302063902	6.32161980375079e-05	0.00162230034019358	121.571428571429	0.0593927758899914	0.00832094568360128	2.83546805615361
"AT1G11260"	0.050814238203003	0.000144840743260599	0.00340677964596568	92	0.0605278464446706	0.00971360824166763	2.63951981398589
"AT1G76680"	0.050450460562163	3.0520115032906e-05	0.000838366625578995	179.5	0.0573731402790768	0.0069226797169138	3.05097297764557
"AT4G13770"	0.0503719210752501	0.000241055965399251	0.00545080190407993	80.1428571428571	0.0609326013541176	0.0105606802788674	2.52851156304992
"AT1G12780"	0.0503646984197938	0.000250661274789676	0.00563451001440073	79.1428571428571	0.0610084242543938	0.0106437258346	2.51900521432738
"AT3G48690"	0.0500168114466694	8.66228495036703e-05	0.00213305262742209	119.928571428571	0.0583971095680574	0.00838029812138797	2.80082349052844
"AT2G29340"	0.0496403945617394	0.000153040089493461	0.00358302166447922	100.071428571429	0.0588922118481152	0.00925181728637574	2.67026817899247
"AT5G37600"	0.0496014125872001	0.000260860426816723	0.00583790290484836	82.9285714285714	0.059941312470207	0.0103398998830069	2.53532845663469
"AT5G28540"	0.0493696922022201	4.51283156274185e-05	0.00119229636669801	172.857142857143	0.0564051425659239	0.00703545036370385	3.00311201844791
"AT1G78370"	0.0492675636662458	2.73451407076797e-05	0.000752510580993616	230.357142857143	0.0555423869682388	0.00627482330199296	3.14594244050615
"AT5G64572"	0.0491840376741059	0.000124350731600775	0.00296609629075329	113.285714285714	0.0578218789713123	0.0086378412972064	2.74287277587423
"AT3G22121"	0.0490935035963654	0.000146458702738994	0.00343421962755318	107.214285714286	0.0579946480272312	0.00890114443086587	2.70385702668958
"AT3G16770"	0.0490846893986696	5.39176749867476e-05	0.00139544077882368	164.928571428571	0.0562666286419217	0.00718193924325213	2.96983416978398
"AT1G12080"	0.0488863465557055	0.000199741542738163	0.00457092751487123	97.1428571428571	0.0582968458876763	0.00941049933197083	2.6310746483117
"AT2G40100"	0.0488601991987824	0.000287263834576001	0.00638187012347093	85.2142857142857	0.0590297270540854	0.010169527855303	2.53718897078715
"AT1G08830"	0.0484889724944378	0.000285683057643427	0.00635603036727729	88.1428571428571	0.0584531245674594	0.00996415207302154	2.5524611996975
"AT1G07610"	0.0480235148072284	1.18406599736165e-05	0.000347859388954625	709.071428571429	0.052754585658748	0.00473107085151952	3.47905783299707
"AT4G30190"	0.0479530255845492	3.31695203351634e-05	0.000902994204759422	263.5	0.0539402411371129	0.00598721555256367	3.1714048546879
"AT5G41670"	0.0474983204957205	0.00025611808255277	0.00574021352030641	100.714285714286	0.0567165403380886	0.00921821984236806	2.62120945249194
"AT1G09740"	0.0470592042162876	0.000245338013511787	0.00552300871245913	107.142857142857	0.0559636239316239	0.00890441971533633	2.65189588571022
"AT5G53160"	0.0468845351723109	6.52015484836621e-05	0.00166482745775901	210.214285714286	0.0533784623725924	0.00649392720028155	3.03909463100948
"AT5G19440"	0.0468621166621164	0.00040647075890532	0.00869996063153467	89.2142857142857	0.0567545001080621	0.00989238344594569	2.52034472205361
"AT2G27510"	0.0463746140882276	8.18822804621311e-05	0.00204611583591578	200.642857142857	0.0529880731751822	0.0066134590869546	3.00219070925766
"AT2G39570"	0.0462663822798437	5.20802146041222e-05	0.00135338089792437	277.071428571429	0.0521556835278948	0.00588930124805109	3.1466560982963
"AT1G20440"	0.0457087619836472	0.00011013649374203	0.00265198918000983	188.785714285714	0.052487105696427	0.00677834371277973	2.9529583457839
"AT3G16420"	0.0456865833898539	2.30716608424775e-05	0.000644351471735266	892.857142857143	0.0502647453538461	0.00457816196399227	3.45670647057267
"AT1G03220"	0.0452757346055444	0.000174651454885821	0.00403314998551203	156.285714285714	0.0526342919034984	0.00735855729795396	2.83850819221041
"AT2G27402"	0.0448846935855426	8.52621147806598e-05	0.00210294791366626	262.928571428571	0.0508762536049955	0.00599156001945287	3.08598884740735
"AT4G34290"	0.0443625628764024	0.000300819002914676	0.00664421420370906	134	0.0522816457323029	0.00791908285590054	2.72289929511427
"AT1G35720"	0.0440290684751765	0.000107519215335139	0.00259307039456441	268.642857142857	0.0499780155237327	0.00594894704855619	3.07058737543125
"AT4G34710"	0.0437501594867008	8.8279143318104e-05	0.00216333655880017	343.714285714286	0.0492708591290068	0.00552069964230595	3.15781161043819
"AT3G14210"	0.0430665242616257	0.000122975576728135	0.002947153270313	307.428571428571	0.0487681023458238	0.00570157808419808	3.09650464646653
"AT1G07600"	0.042977551524594	4.44125194626332e-05	0.00117542560205627	2090.71428571429	0.0472177099052243	0.00424015838063029	3.47713801224564
"AT5G65010"	0.0422739742655414	0.000144238931832352	0.0034031442862399	333.071428571429	0.0478436423413994	0.00556966807585793	3.1026639683509
"AT2G36830"	0.042105182837114	9.77685565645148e-05	0.00236917499012546	573.785714285714	0.0470114016808284	0.00490621884371434	3.26032720383516
"AT1G62380"	0.0406059606586002	0.000244951956681283	0.00552248722485298	326.928571428571	0.0462053435542438	0.00559938289564358	3.04471996348508
"AT3G52930"	0.0399912275951979	0.00022653164231401	0.00515300229108311	450.571428571429	0.0451484851087735	0.00515725751357554	3.13000159151437
