"Gene"	"effect.size"	"p.value"	"q.value"	"Mean"	"CV2"	"TechNoise"	"BioVar"	"Stable"
"1"	"AT2G09990"	-0.00232738259973328	0.999976126466592	0.999999997398184	497.142857142857	0.00143783601126051	0.00376521861099379	-0.00232738259973328	-2.96108344002778e-05
"2"	"AT3G56240"	-0.00234782972472398	0.999989671217702	0.999999997398184	606.5	0.00123244720759008	0.00358027693231407	-0.00234782972472398	-0.000217386144863107
"3"	"AT2G43460"	-0.00241294507398197	0.999973668112568	0.999999997398184	444.071428571429	0.00147485544924153	0.0038878005232235	-0.00241294507398197	-4.26586425065784e-06
"4"	"AT3G11940"	-0.00250466037513789	0.999993580326776	0.999999997398184	560.571428571429	0.00114450094810895	0.00364916132324684	-0.00250466037513789	-0.000311892822528315
"5"	"AT3G24830"	-0.00253426840514203	0.999984689716514	0.999999997398184	447.285714285714	0.00134528036416009	0.00387954876930212	-0.00253426840514203	-0.000133055068006249
"6"	"AT1G08360"	-0.00254944617944502	0.999985139886825	0.999999997398184	443.642857142857	0.00133946361191685	0.00388890979136187	-0.00254944617944502	-0.000139763346159943
"7"	"AT4G38920"	-0.0027306578637415	0.999973649048805	0.999999997398184	339.071428571429	0.00151272887810803	0.00424338674184953	-0.0027306578637415	-2.57789539018618e-07
"8"	"AT5G59613"	-0.00291327011337204	0.999997699037069	0.999999997398184	440.428571428571	0.000984028001071546	0.00389729811444359	-0.00291327011337204	-0.00049599784491779
"9"	"AT5G13510"	-0.0029508605828772	0.999993599684872	0.999999997398184	365.285714285714	0.00118460321245501	0.00413546379533221	-0.0029508605828772	-0.00031810507933324
"10"	"AT3G13920"	-0.0029670299711041	0.999989761028432	0.999999997398184	335.571428571429	0.00129204202348558	0.00425907199458969	-0.0029670299711041	-0.000222438477755763
"11"	"AT1G01620"	-0.00297363239623169	0.999999889413276	0.999999997398184	620.285714285714	0.000587958966599057	0.00356159136283075	-0.00297363239623169	-0.000860094807808104
"12"	"AT2G17360"	-0.00301941656236062	0.999978250088329	0.999999997398184	287.785714285714	0.00149197069551307	0.00451138725787369	-0.00301941656236062	-4.65398308029422e-05
"13"	"AT3G08610"	-0.00316304354446684	0.99998923590784	0.999999997398184	291.857142857143	0.00132362607861841	0.00448666962308526	-0.00316304354446684	-0.000212530387241558
"14"	"AT4G34110"	-0.00316694121423934	0.999984554916458	0.999999997398184	276.714285714286	0.00141533890400152	0.00458228011824087	-0.00316694121423934	-0.000129923323301839
"15"	"AT5G20010"	-0.00335744664651739	0.999992121129986	0.999999997398184	270.285714285714	0.00126866225863227	0.00462610890514966	-0.00335744664651739	-0.000280774138852885
"16"	"AT5G64350"	-0.00337284619171188	0.999985961390054	0.999999997398184	249.285714285714	0.00141218999717698	0.00478503618888887	-0.00337284619171188	-0.000152382332092854
"17"	"AT5G59880"	-0.00339722666236171	0.999998682003299	0.999999997398184	322	0.000925890204853208	0.00432311686721491	-0.00339722666236171	-0.000594689808066731
"18"	"AT1G75950"	-0.00344931286690932	0.999995823943913	0.999999997398184	275.785714285714	0.0011391718203425	0.00458848468725182	-0.00344931286690932	-0.000406681318295238
"19"	"AT5G55190"	-0.00397639588648444	0.999987621197108	0.999999997398184	190.357142857143	0.00144186667395943	0.00541826256044388	-0.00397639588648444	-0.000183012928791835
"20"	"AT4G33250"	-0.00411799495041168	0.999978452914954	0.999999997398184	170.357142857143	0.00161475274326823	0.00573274769367991	-0.00411799495041168	-4.00778245531375e-05
"21"	"AT1G24360"	-0.00447150873925971	0.999977813896072	0.999999997398184	150.142857142857	0.00166422780018096	0.00613573653944067	-0.00447150873925971	-2.89826577128565e-05
"22"	"AT4G37870"	-0.00456270511998828	0.999986257026897	0.999999997398184	152	0.00153153633070531	0.00609424145069359	-0.00456270511998828	-0.000157722213974506
"23"	"AT5G67420"	-0.00457452353080671	0.999981056817987	0.999999997398184	147.285714285714	0.00162709493719757	0.00620161846800427	-0.00457452353080671	-7.23899900832638e-05
"24"	"AT2G43090"	-0.00458770065470618	0.999992220741266	0.999999997398184	157.857142857143	0.00138206708424353	0.00596976773894972	-0.00458770065470618	-0.000295336821222576
"25"	"AT3G57870"	-0.00487416422063581	0.999997490638861	0.999999997398184	155.214285714286	0.00115060538247757	0.00602476960311337	-0.00487416422063581	-0.000532036795766033
"26"	"AT1G79010"	-0.00532447221063981	0.999994248225046	0.999999997398184	128.785714285714	0.00137447442964316	0.00669894664028297	-0.00532447221063981	-0.000372375085473738
"27"	"AT4G02080"	-0.00537167474257076	0.999993481489965	0.999999997398184	126.142857142857	0.00141022697708761	0.00678190171965837	-0.00537167474257076	-0.000344523021779324
"28"	"AT2G30620"	-0.00545820491995022	0.999999489102846	0.999999997398184	140.642857142857	0.000906935573031002	0.00636514049298122	-0.00545820491995022	-0.000808122880438109
"29"	"AT2G40060"	-0.00557946361340007	0.99999640884082	0.999999997398184	123.642857142857	0.00128417308656939	0.00686363669996946	-0.00557946361340007	-0.000478361196136692
"30"	"AT1G31910"	-0.00562102889688447	0.999977377272501	0.999999997398184	108.857142857143	0.0018027728363149	0.00742380173319937	-0.00562102889688447	-1.31104971749837e-05
"31"	"AT2G16510"	-0.00585619827077498	0.99999948896782	0.999999997398184	126	0.000930286644572359	0.00678648491534734	-0.00585619827077498	-0.000824899849122096
"32"	"AT1G27530"	-0.00601171561062254	0.999999632652305	0.999999997398184	122.571428571429	0.000887971033210409	0.00689968664383295	-0.00601171561062254	-0.000877996577482675
"33"	"AT1G75330"	-0.00610596921613632	0.999986896683538	0.999999997398184	101.071428571429	0.00167867094011758	0.0077846401562539	-0.00610596921613632	-0.000171577957472737
"34"	"AT1G22450"	-0.00621015887707896	0.999999380902062	0.999999997398184	114.5	0.000982789449828599	0.00719294832690756	-0.00621015887707896	-0.00081110784496683
"35"	"AT2G05840"	-0.00634440658409365	0.999989186001289	0.999999997398184	97.1428571428571	0.00164426404045781	0.00798867062455146	-0.00634440658409365	-0.000225416330303702
"36"	"AT5G58070"	-0.00641083904859705	0.999990353307384	0.999999997398184	96.4285714285714	0.00161671415004748	0.00802755319864453	-0.00641083904859705	-0.000256669323008609
"37"	"AT1G21720"	-0.00648419288709138	0.999995712556381	0.999999997398184	99.0714285714286	0.00140229534195234	0.00788648822904372	-0.00648419288709138	-0.000457653372094153
"38"	"AT4G19640"	-0.00651819199408183	0.999980632856876	0.999999997398184	90.5714285714286	0.00185133160384183	0.00836952359792365	-0.00651819199408183	-5.46204786694181e-05
"39"	"AT3G11400"	-0.00666857693660232	0.99999776767658	0.999999997398184	98.2142857142857	0.00126283026064844	0.00793140719725076	-0.00666857693660232	-0.000601396450370148
"40"	"AT2G37480"	-0.00738577368821056	0.999986802323822	0.999999997398184	78.9285714285714	0.00181423866770195	0.00920001235591251	-0.00738577368821056	-0.000170807582236811
"41"	"AT5G53140"	-0.00755289577307817	0.99999289182708	0.999999997398184	79.0714285714286	0.00163544451556437	0.00918834028864255	-0.00755289577307817	-0.000348490108920101
"42"	"AT2G46030"	-0.00788947463888968	0.999990191041889	0.999999997398184	73.7142857142857	0.00176752968802725	0.00965700432691694	-0.00788947463888968	-0.000261039606769067
"43"	"AT2G46230"	-0.00793467995410773	0.999997050629356	0.999999997398184	77	0.00142714428428714	0.00936182423839488	-0.00793467995410773	-0.000573312621126127
"44"	"AT5G20900"	-0.00796815813006139	0.999981108040889	0.999999997398184	70.5	0.00200423287793138	0.00997239100799277	-0.00796815813006139	-5.43732436340647e-05
"45"	"AT3G03160"	-0.00800336179016616	0.99998008225882	0.999999997398184	69.9285714285714	0.00202813334764076	0.0100314951378069	-0.00800336179016616	-3.61017386688966e-05
"46"	"AT3G56460"	-0.00812017514915411	0.999988693593384	0.999999997398184	70.6428571428571	0.00183758923015109	0.0099577643793052	-0.00812017514915411	-0.000219623879158398
"47"	"AT1G43710"	-0.00815324162218809	0.999985054899017	0.999999997398184	69.3571428571429	0.00193833155488408	0.0100915731770722	-0.00815324162218809	-0.000131625249450835
"48"	"AT2G43945"	-0.00816400954374506	0.99999144702251	0.999999997398184	71.0714285714286	0.00175022775260143	0.00991423729634649	-0.00816400954374506	-0.000302839920235801
"49"	"AT5G66720"	-0.00837658427218201	0.999998980072042	0.999999997398184	74.4285714285714	0.00121403347887188	0.00959061775105388	-0.00837658427218201	-0.000808213284889867
"50"	"AT1G32160"	-0.00849022597301724	0.9999808113539	0.999999997398184	65.2142857142857	0.00206839967195739	0.0105586256449746	-0.00849022597301724	-4.60383197968101e-05
"51"	"AT4G38130"	-0.00860801514340788	0.999994941903087	0.999999997398184	68	0.00163029012509981	0.0102383052685077	-0.00860801514340788	-0.000453641164133723
"52"	"AT1G60940"	-0.00863191777835384	0.999985831989826	0.999999997398184	64.8571428571429	0.00196976459857556	0.0106016823769294	-0.00863191777835384	-0.000148774034317188
"53"	"AT5G12150"	-0.00864263384968327	0.999978676727579	0.999999997398184	63.5	0.00212708117723928	0.0107697150269226	-0.00864263384968327	-7.46056517662635e-06
"54"	"AT5G15610"	-0.00882065963586306	0.999982127048694	0.999999997398184	62.5	0.00207753846153846	0.0108981980974015	-0.00882065963586306	-6.92397637802014e-05
"55"	"AT3G06350"	-0.00929302265013426	0.999996675543076	0.999999997398184	62.7857142857143	0.00156804837115615	0.0108610710212904	-0.00929302265013426	-0.000575193942151928
"56"	"AT2G36950"	-0.00935208161675931	0.999987851770456	0.999999997398184	59.2857142857143	0.00198845428051409	0.0113405358972734	-0.00935208161675931	-0.000200451354316184
"57"	"AT1G63290"	-0.00962075020892085	0.999985345748744	0.999999997398184	56.8571428571429	0.00208716563101553	0.0117079158399364	-0.00962075020892085	-0.00013672856978264
"58"	"AT1G72170"	-0.00983907398214454	0.999995642440345	0.999999997398184	58	0.00169212475990122	0.0115311987420458	-0.00983907398214454	-0.00051493924109785
"59"	"AT1G79210"	-0.00984500791457077	0.999999782394282	0.999999997398184	62.8571428571429	0.00100683407501589	0.0108518419895867	-0.00984500791457077	-0.00113552928289183
"60"	"AT5G49970"	-0.0100218063197997	0.999980962177129	0.999999997398184	53.5714285714286	0.00223617094017094	0.0122579772599706	-0.0100218063197997	-4.01100625352559e-05
"61"	"AT5G22510"	-0.0100344513016827	0.999995661963436	0.999999997398184	56.6428571428571	0.00170739288397104	0.0117418441856537	-0.0100344513016827	-0.000519732587847828
"62"	"AT1G32500"	-0.0100842842688732	0.999990436318482	0.999999997398184	54.7142857142857	0.00197487410570873	0.0120591583745819	-0.0100842842688732	-0.000282471765055687
"63"	"AT3G54840"	-0.0105890475594493	0.999986299940972	0.999999997398184	50.9285714285714	0.00216287472591456	0.0127519222853639	-0.0105890475594493	-0.000160448660162418
"64"	"AT4G29260"	-0.0110625953667963	0.999999428052271	0.999999997398184	53.2142857142857	0.00125926413571114	0.0123218595025074	-0.0110625953667963	-0.0010231008900938
"65"	"AT2G24360"	-0.0112048791555006	0.999990572181515	0.999999997398184	48.3571428571429	0.00207946021979173	0.0132843393752923	-0.0112048791555006	-0.000294569555802251
"66"	"AT1G74230"	-0.0112350631803373	0.999997704664504	0.999999997398184	50.4285714285714	0.0016161321845502	0.0128511953648874	-0.0112350631803373	-0.000716645780529031
"67"	"AT3G62560"	-0.011253330759825	0.999998870476421	0.999999997398184	51.2857142857143	0.00142886729738166	0.0126821980572067	-0.011253330759825	-0.00088781568601368
"68"	"AT5G18580"	-0.0117848729772817	0.999998364464369	0.999999997398184	48.0714285714286	0.00156213989728735	0.0133470128745691	-0.0117848729772817	-0.00081785878299965
"69"	"AT1G14570"	-0.0119444979582021	0.999996902438905	0.999999997398184	46.5	0.00176098615224526	0.0137054841104474	-0.0119444979582021	-0.000653152645744442
"70"	"AT2G33410"	-0.0120668464205445	0.999995197728637	0.999999997398184	45.3571428571429	0.00191494536835228	0.0139817917888968	-0.0120668464205445	-0.000525508446632604
"71"	"AT4G04210"	-0.0121240571901131	0.999988186328528	0.999999997398184	43.7857142857143	0.00226120916757984	0.0143852663576929	-0.0121240571901131	-0.000217670796814197
"72"	"AT3G26730"	-0.0125851547204398	0.999987972022984	0.999999997398184	41.9285714285714	0.00231593672094704	0.0149010914413869	-0.0125851547204398	-0.00021206944189404
"73"	"AT1G69960"	-0.0128449550748652	0.999998582734824	0.999999997398184	43.5714285714286	0.00159758542988857	0.0144425405047538	-0.0128449550748652	-0.000886749215177921
"74"	"AT3G20790"	-0.0131934036022587	0.99998710723706	0.999999997398184	39.6428571428571	0.00240889538186835	0.015602298984127	-0.0131934036022587	-0.000185892451709883
"75"	"AT4G28260"	-0.0132003922615274	0.999999887550502	0.999999997398184	44.2857142857143	0.00105338989834307	0.0142537821598704	-0.0132003922615274	-0.00141296776149644
"76"	"AT1G66680"	-0.0133195589884179	0.999992107834173	0.999999997398184	39.8571428571429	0.00221358528677294	0.0155331442751908	-0.0133195589884179	-0.000374616384049466
"77"	"AT3G20290"	-0.0134039372394514	0.999983108696305	0.999999997398184	38.5714285714286	0.00255566107417959	0.0159595983136309	-0.0134039372394514	-7.31552669704437e-05
"78"	"AT3G63080"	-0.0136276710396975	0.999999945604155	0.999999997398184	43.0714285714286	0.000950725388239311	0.0145783964279368	-0.0136276710396975	-0.00154654791617795
"79"	"AT1G51690"	-0.0143848469076774	0.999999860114732	0.999999997398184	39.8571428571429	0.00114829736751346	0.0155331442751908	-0.0143848469076774	-0.00143990430330894
"80"	"AT1G28120"	-0.014796811637739	0.999988739467519	0.999999997398184	35	0.00251177394034537	0.0173085855780844	-0.014796811637739	-0.000245517378371665
"81"	"AT5G55530"	-0.0149916349675972	0.999988064531944	0.999999997398184	34.4285714285714	0.00255876077573362	0.0175503957433308	-0.0149916349675972	-0.000221560082530689
"82"	"AT3G58460"	-0.0151214271808591	0.999991264207532	0.999999997398184	34.4285714285714	0.00242896856247177	0.0175503957433308	-0.0151214271808591	-0.000351352295792539
"83"	"AT3G59090"	-0.015279317226609	0.999984569565009	0.999999997398184	33.4285714285714	0.00271413880881336	0.0179934560354223	-0.015279317226609	-0.000108378267745375
"84"	"AT3G26744"	-0.0155073745579058	0.999986152114911	0.999999997398184	33	0.00268418450236632	0.0181915590602721	-0.0155073745579058	-0.00015719952894002
"85"	"AT2G46340"	-0.0155336290817858	0.999982947651704	0.999999997398184	32.7142857142857	0.00279288225742336	0.0183265113392091	-0.0155336290817858	-6.13543718769793e-05
"86"	"AT1G20540"	-0.0156810225395131	0.999985833352875	0.999999997398184	32.5714285714286	0.00271385278310486	0.018394875322618	-0.0156810225395131	-0.000146894701758228
"87"	"AT3G01090"	-0.015789920294997	0.999992893013503	0.999999997398184	33	0.00240163876527513	0.0181915590602721	-0.015789920294997	-0.000439745266031212
"88"	"AT1G08770"	-0.0158211316671088	0.99999109360759	0.999999997398184	32.7142857142857	0.00250537967210037	0.0183265113392091	-0.0158211316671088	-0.000348856957199973
"89"	"AT5G41940"	-0.0158356717022883	0.999995020930439	0.999999997398184	33.2142857142857	0.00225619680354332	0.0180918685058316	-0.0158356717022883	-0.000575692889244876
"90"	"AT5G67250"	-0.0162562686754059	0.999995208290714	0.999999997398184	32.2857142857143	0.00227714958704073	0.0185334182624466	-0.0162562686754059	-0.000596792463520321
"91"	"AT2G18030"	-0.0164560196970324	0.999990798971121	0.999999997398184	31.2857142857143	0.00258222626396768	0.0190382459610001	-0.0164560196970324	-0.000339794615027039
"92"	"AT3G19340"	-0.0165329510676217	0.999999482589553	0.999999997398184	33.2142857142857	0.00155891743820984	0.0180918685058316	-0.0165329510676217	-0.00127297225457835
"93"	"AT1G34190"	-0.0168540595509737	0.999999738714796	0.999999997398184	32.8571428571429	0.00140468227424749	0.0182587418252212	-0.0168540595509737	-0.00144310011562543
"94"	"AT3G18520"	-0.0171515208644243	0.999996808046241	0.999999997398184	30.7142857142857	0.00218995714939468	0.0193414780138189	-0.0171515208644243	-0.000760942972725639
"95"	"AT5G64070"	-0.0172267840675959	0.999994880936352	0.999999997398184	30.2142857142857	0.00238943078840468	0.0196162148560006	-0.0172267840675959	-0.000587634747256746
"96"	"AT3G60030"	-0.0174321371584074	0.999997593415362	0.999999997398184	30.3571428571429	0.002104657971786	0.0195367951301934	-0.0174321371584074	-0.000864843780465227
"97"	"AT5G66250"	-0.0174791877015086	0.999997114512739	0.999999997398184	30.1428571428571	0.00217701931499914	0.0196562070165077	-0.0174791877015086	-0.000803854997853441
"98"	"AT1G69340"	-0.0176250861691679	0.999984686371047	0.999999997398184	28.5714285714286	0.00296153846153846	0.0205866246307063	-0.0176250861691679	-0.000107947052666376
"99"	"AT5G44290"	-0.0176380910722505	0.999993159208624	0.999999997398184	29.2142857142857	0.00255581005337403	0.0201939011256245	-0.0176380910722505	-0.000476273222251581
"100"	"AT1G08700"	-0.0179724793806781	0.99998755147785	0.999999997398184	28.1428571428571	0.00288592852173465	0.0208584079024127	-0.0179724793806781	-0.000209441113585082
"101"	"AT1G73390"	-0.0180073661057666	0.999986240613056	0.999999997398184	28	0.00294348508634223	0.0209508511921088	-0.0180073661057666	-0.000160688671805697
"102"	"AT2G43330"	-0.018365364920375	0.999997855199625	0.999999997398184	28.7142857142857	0.00213246816053677	0.0204978330809117	-0.018365364920375	-0.000928561015592386
"103"	"AT2G02970"	-0.018596063123035	0.999996412475014	0.999999997398184	28	0.00235478806907378	0.0209508511921088	-0.018596063123035	-0.000749385689074143
"104"	"AT5G08740"	-0.0186322743372168	0.999988869432316	0.999999997398184	27.1428571428571	0.00289367142552738	0.0215259457627442	-0.0186322743372168	-0.000265273244109633
"105"	"AT2G31560"	-0.0187702349335055	0.99998783500796	0.999999997398184	26.8571428571429	0.00295556638924679	0.0217258013227523	-0.0187702349335055	-0.000222412143248137
"106"	"AT1G24267"	-0.0193039350955184	0.999997114722707	0.999999997398184	27	0.00232140972881714	0.0216253448243355	-0.0193039350955184	-0.000847001518114288
"107"	"AT5G65760"	-0.0194553548380788	0.999997823353925	0.999999997398184	26.9285714285714	0.0022200850040348	0.0216754398421136	-0.0194553548380788	-0.000953097196970734
"108"	"AT3G47000"	-0.019816494734271	0.999997379641412	0.999999997398184	26.2857142857143	0.00232205176675876	0.0221385465010298	-0.019816494734271	-0.000895235830334021
"109"	"AT3G59910"	-0.0199295276912087	0.999997131570125	0.999999997398184	26.0714285714286	0.00236846283759401	0.0222979905288027	-0.0199295276912087	-0.000864009905000962
"110"	"AT1G20560"	-0.0200717065319307	0.999993205334339	0.999999997398184	25.3571428571429	0.00277722674072605	0.0228489332726567	-0.0200717065319307	-0.000507716739378824
"111"	"AT4G33300"	-0.0202846003307585	0.999984132695222	0.999999997398184	24.5	0.00326786915708199	0.0235524694878405	-0.0202846003307585	-8.40777720880074e-05
"112"	"AT1G55090"	-0.0204997784495163	0.999996783542257	0.999999997398184	25.2142857142857	0.00246308915827169	0.022962867607788	-0.0204997784495163	-0.000832705210893302
"113"	"AT4G30910"	-0.0207004538265737	0.999983174925693	0.999999997398184	23.9285714285714	0.003349041246123	0.0240494950726967	-0.0207004538265737	-5.02414530332957e-05
"114"	"AT5G66730"	-0.0211081699413359	0.999999326105751	0.999999997398184	25.1428571428571	0.00191215034965035	0.0230203202909863	-0.0211081699413359	-0.00138911570362877
"115"	"AT1G07230"	-0.0214056431961287	0.999992302619882	0.999999997398184	23.5714285714286	0.00296673023945751	0.0243723734355862	-0.0214056431961287	-0.00046330277997398
"116"	"AT4G33210"	-0.021501260879154	0.999991906993878	0.999999997398184	23.4285714285714	0.00300302018029561	0.0245042810594496	-0.021501260879154	-0.000439575469980014
"117"	"AT2G39940"	-0.0215139257071382	0.999988742673718	0.999999997398184	23.2142857142857	0.00319126081019572	0.0247051865173339	-0.0215139257071382	-0.00027046869321174
"118"	"AT3G26000"	-0.0216626921963287	0.999996621477674	0.999999997398184	23.7142857142857	0.0025793628638744	0.0242420550602031	-0.0216626921963287	-0.000838258881711076
"119"	"AT2G32170"	-0.0218823529493806	0.999999674181064	0.999999997398184	24.4285714285714	0.00173097310678105	0.0236133260561617	-0.0218823529493806	-0.00162676968603858
"120"	"AT5G10490"	-0.0228981309198945	0.999996833727338	0.999999997398184	22.3571428571429	0.00264918965732488	0.0255473205772194	-0.0228981309198945	-0.000892743089881198
"121"	"AT1G66530"	-0.0232965250414372	0.999986646256795	0.999999997398184	21.2142857142857	0.00347949842899338	0.0267760234704306	-0.0232965250414372	-0.000179453641375673
"122"	"AT1G80260"	-0.0233131458337414	0.999983371885067	0.999999997398184	21.0714285714286	0.00362583696108545	0.0269389827948268	-0.0233131458337414	-4.86350449403817e-05
"123"	"AT2G37550"	-0.0233131458337414	0.999983371885067	0.999999997398184	21.0714285714286	0.00362583696108545	0.0269389827948268	-0.0233131458337414	-4.86350449403817e-05
"124"	"AT5G52980"	-0.0234648021737767	0.999988674223191	0.999999997398184	21.1428571428571	0.00339242568972299	0.0268572278634997	-0.0234648021737767	-0.000274260132366928
"125"	"AT5G57580"	-0.0236383705011278	0.999992818694512	0.999999997398184	21.2142857142857	0.0031376529693028	0.0267760234704306	-0.0236383705011278	-0.00052129910106625
"126"	"AT3G07300"	-0.0241764586735877	0.999999994609512	0.999999997398184	22.7857142857143	0.0009418751176399	0.0251183337912276	-0.0241764586735877	-0.00255920174518601
"127"	"AT3G03720"	-0.0243591322924543	0.999993261796849	0.999999997398184	20.5714285714286	0.00316803181386515	0.0275271641063195	-0.0243591322924543	-0.000562457459921891
"128"	"AT2G42790"	-0.0248566563312162	0.999996591151868	0.999999997398184	20.4285714285714	0.00284384792184685	0.027700504253063	-0.0248566563312162	-0.000903149937344343
"129"	"AT3G19740"	-0.0249044101451057	0.999987425377471	0.999999997398184	19.7857142857143	0.00360710071510421	0.0285115108602099	-0.0249044101451057	-0.000217135868577159
"130"	"AT5G28920"	-0.024963020413699	0.999990130051635	0.999999997398184	19.8571428571429	0.0034557854546468	0.0284188058683458	-0.024963020413699	-0.00035962208219037
"131"	"AT5G62650"	-0.024963020413699	0.999990130051635	0.999999997398184	19.8571428571429	0.0034557854546468	0.0284188058683458	-0.024963020413699	-0.00035962208219037
"132"	"AT4G34040"	-0.0251584593432345	0.999994953385498	0.999999997398184	20	0.00307692307692308	0.0282353824201575	-0.0251584593432345	-0.000721015560086634
"133"	"AT5G04990"	-0.0252253032840482	0.999998539729871	0.999999997398184	20.4285714285714	0.00247520096901485	0.027700504253063	-0.0252253032840482	-0.00127179689017634
"134"	"AT1G62200"	-0.025348941347188	0.999989395793466	0.999999997398184	19.5	0.00354018105497395	0.0288891224021619	-0.025348941347188	-0.00032001853270284
"135"	"AT3G22990"	-0.0255939502368802	0.999999459293656	0.999999997398184	20.4285714285714	0.00210655401618285	0.027700504253063	-0.0255939502368802	-0.00164044384300834
"136"	"AT1G53760"	-0.0256657585014847	0.999995698006142	0.999999997398184	19.6428571428571	0.00303318499682136	0.0286989434983061	-0.0256657585014847	-0.000808902314297737
"137"	"AT4G36480"	-0.0256952871576343	0.999995178225724	0.999999997398184	19.5714285714286	0.00309839875080431	0.0287936859084386	-0.0256952871576343	-0.000752711646994076
"138"	"AT5G13950"	-0.02584112967926	0.999994885800872	0.999999997398184	19.4285714285714	0.00314413095554964	0.0289852606348096	-0.02584112967926	-0.000725224654284078
"139"	"AT2G38950"	-0.0260783263745438	0.999993566593571	0.999999997398184	19.1428571428571	0.00329866168583032	0.0293769880603741	-0.0260783263745438	-0.000608001297866685
"140"	"AT4G14622"	-0.0263094835678093	0.999984781583148	0.999999997398184	18.5714285714286	0.0038871187983614	0.0301966023661707	-0.0263094835678093	-9.76026906495606e-05
"141"	"AT1G64385"	-0.0264618301487674	0.999983831272889	0.999999997398184	18.4285714285714	0.00394761779293959	0.030409447941707	-0.0264618301487674	-5.7374703265306e-05
"142"	"AT2G43210"	-0.0264734617029387	0.999994836510808	0.999999997398184	18.9285714285714	0.00320508256428513	0.0296785442672238	-0.0264734617029387	-0.000730300058159466
"143"	"AT5G63110"	-0.0264734617029387	0.999994836510808	0.999999997398184	18.9285714285714	0.00320508256428513	0.0296785442672238	-0.0264734617029387	-0.000730300058159466
"144"	"AT4G03200"	-0.0264985757226577	0.99999923027591	0.999999997398184	19.5714285714286	0.00229511018578097	0.0287936859084386	-0.0264985757226577	-0.00155600021201742
"145"	"AT5G67580"	-0.0265876294303019	0.999984515964039	0.999999997398184	18.3571428571429	0.0039294835885246	0.0305171130188265	-0.0265876294303019	-8.5762724548819e-05
"146"	"AT3G12950"	-0.026755546380736	0.99999266878385	0.999999997398184	18.5714285714286	0.00344105598543468	0.0301966023661707	-0.026755546380736	-0.000543665503576278
"147"	"AT1G80350"	-0.027207650479361	0.999993396225443	0.999999997398184	18.2857142857143	0.00341796875	0.030625619229361	-0.027207650479361	-0.000607611487886235
"148"	"AT3G15090"	-0.0272465039344494	0.999998786497246	0.999999997398184	18.8571428571429	0.00253408207953662	0.0297805860139861	-0.0272465039344494	-0.00141101880450437
"149"	"AT3G12200"	-0.0273678407897699	0.999996634666445	0.999999997398184	18.4285714285714	0.00304160715193706	0.030409447941707	-0.0273678407897699	-0.000963385344267834
"150"	"AT3G66658"	-0.0275041163051688	0.999988848049913	0.999999997398184	17.8571428571429	0.00379076923076923	0.031294885535938	-0.0275041163051688	-0.000298550655362431
"151"	"AT3G01150"	-0.0277444190183398	0.999994774291025	0.999999997398184	18	0.00332383665716999	0.0310682556755098	-0.0277444190183398	-0.000743899432730415
"152"	"AT3G07890"	-0.0279865778436303	0.999995086508149	0.999999997398184	17.8571428571429	0.00330830769230769	0.031294885535938	-0.0279865778436303	-0.000781012193823969
"153"	"AT1G10720"	-0.0280899282992852	0.9999879179246	0.999999997398184	17.4285714285714	0.0039071382796188	0.031997066578904	-0.0280899282992852	-0.000249055991557248
"154"	"AT5G02970"	-0.0281076508526353	0.999998342410674	0.999999997398184	18.1428571428571	0.00273754393662634	0.0308451947892616	-0.0281076508526353	-0.00130894825934567
"155"	"AT3G18750"	-0.0288540756322627	0.999987557363108	0.999999997398184	16.9285714285714	0.00400713779979923	0.0328612134320619	-0.0288540756322627	-0.000231356171677561
"156"	"AT1G80680"	-0.0289118923491384	0.999998158389641	0.999999997398184	17.5714285714286	0.0028473080227988	0.0317592003719372	-0.0289118923491384	-0.00128623232390421
"157"	"AT4G16420"	-0.0291530736612865	0.999984106606712	0.999999997398184	16.6428571428571	0.00422525033403849	0.033378323995325	-0.0291530736612865	-6.24922625109825e-05
"158"	"AT5G60580"	-0.0291535465226319	0.999996508925114	0.999999997398184	17.2142857142857	0.00320772184204288	0.0323612683646748	-0.0291535465226319	-0.000983158313492286
"159"	"AT4G27020"	-0.0296437542510084	0.99999997253477	0.999999997398184	18	0.00142450142450142	0.0310682556755098	-0.0296437542510084	-0.00264323466539898
"160"	"AT3G26950"	-0.0297439567935475	0.999995741473407	0.999999997398184	16.7857142857143	0.00337361144966396	0.0331175682432115	-0.0297439567935475	-0.000889297265731839
"161"	"AT1G78800"	-0.0299873889554047	0.999986250268271	0.999999997398184	16.2142857142857	0.00420077118635212	0.0341881601417568	-0.0299873889554047	-0.000164098662238476
"162"	"AT3G11960"	-0.0299873889554047	0.999986250268271	0.999999997398184	16.2142857142857	0.00420077118635212	0.0341881601417568	-0.0299873889554047	-0.000164098662238476
"163"	"AT1G08125"	-0.0303090706788662	0.999997068978754	0.999999997398184	16.5714285714286	0.00320131711332663	0.0335103877921928	-0.0303090706788662	-0.00109900298768645
"164"	"AT4G00231"	-0.0303212695006622	0.999993144586823	0.999999997398184	16.2857142857143	0.00372895802258683	0.0340502275232491	-0.0303212695006622	-0.000622775386145883
"165"	"AT4G33060"	-0.0303943190220087	0.999996850450811	0.999999997398184	16.5	0.0032492759765487	0.0336435949985574	-0.0303943190220087	-0.00106373052507051
"166"	"AT3G58760"	-0.030572571011215	0.99999441629492	0.999999997398184	16.2142857142857	0.00361558913054188	0.0341881601417568	-0.030572571011215	-0.000749280718048722
"167"	"AT4G17420"	-0.0308359928697393	0.99999961388271	0.999999997398184	16.7857142857143	0.00228157537347216	0.0331175682432115	-0.0308359928697393	-0.00198133334192364
"168"	"AT3G29090"	-0.0308694195855481	0.999995817661713	0.999999997398184	16.1428571428571	0.00345789381735815	0.0343273134029063	-0.0308694195855481	-0.000920228722770493
"169"	"AT1G12930"	-0.031003578013931	0.999994813324843	0.999999997398184	16	0.00360576923076923	0.0346093472447002	-0.031003578013931	-0.000799213675244543
"170"	"AT2G14530"	-0.031003578013931	0.999994813324843	0.999999997398184	16	0.00360576923076923	0.0346093472447002	-0.031003578013931	-0.000799213675244543
"171"	"AT2G17020"	-0.031003578013931	0.999994813324843	0.999999997398184	16	0.00360576923076923	0.0346093472447002	-0.031003578013931	-0.000799213675244543
"172"	"AT2G31280"	-0.0311837127691182	0.999990962441486	0.999999997398184	15.7142857142857	0.00400508582326764	0.0351887985923859	-0.0311837127691182	-0.000455082925382865
"173"	"AT5G40870"	-0.0312130027272317	0.999997160544658	0.999999997398184	16.0714285714286	0.00325470085470085	0.0344677035819326	-0.0312130027272317	-0.00113679217866838
"174"	"AT4G36400"	-0.0312263027091175	0.999987420760697	0.999999997398184	15.5714285714286	0.00426019565822613	0.0354864983673437	-0.0312263027091175	-0.000228325449944168
"175"	"AT1G45160"	-0.031865772910183	0.999988826363132	0.999999997398184	15.2857142857143	0.00423281845240095	0.036098591362584	-0.031865772910183	-0.000313997226744615
"176"	"AT1G66340"	-0.0319246760217667	0.999998463753705	0.999999997398184	15.8571428571429	0.00297178675557054	0.0348964627773372	-0.0319246760217667	-0.00146054048688486
"177"	"AT1G04710"	-0.0324621695332151	0.999999369470053	0.999999997398184	15.7857142857143	0.00257979975839971	0.0350419692916148	-0.0324621695332151	-0.00186638524732023
"178"	"AT1G04830"	-0.0328064626293156	0.999999928143103	0.999999997398184	16	0.00180288461538462	0.0346093472447002	-0.0328064626293156	-0.00260209829062916
"179"	"AT1G31930"	-0.0328261243679179	0.999985070229179	0.999999997398184	14.7142857142857	0.00456796479041743	0.0373940891583353	-0.0328261243679179	-0.000102231631180646
"180"	"AT5G03190"	-0.0329786008981997	0.999992057064615	0.999999997398184	14.8571428571429	0.00408227127901684	0.0370608721772166	-0.0329786008981997	-0.000556190191998494
"181"	"AT5G66675"	-0.0329786008981997	0.999992057064615	0.999999997398184	14.8571428571429	0.00408227127901684	0.0370608721772166	-0.0329786008981997	-0.000556190191998494
"182"	"AT2G42160"	-0.0331483529211193	0.999999943130829	0.999999997398184	15.8571428571429	0.00174810985621796	0.0348964627773372	-0.0331483529211193	-0.00268421738623743
"183"	"AT5G35570"	-0.0335398895857126	0.99999317432784	0.999999997398184	14.6428571428571	0.00402324623621471	0.0375631358219273	-0.0335398895857126	-0.000663049867630217
"184"	"AT1G51700"	-0.0338575044374667	0.999991440705323	0.999999997398184	14.4285714285714	0.00422281375129135	0.0380803181887581	-0.0338575044374667	-0.000512737816061268
"185"	"AT1G30090"	-0.0339084730926032	0.999984701142279	0.999999997398184	14.2142857142857	0.00470462090118159	0.0386130939937848	-0.0339084730926032	-8.16712190307104e-05
"186"	"AT3G21640"	-0.0339084730926032	0.999984701142279	0.999999997398184	14.2142857142857	0.00470462090118159	0.0386130939937848	-0.0339084730926032	-8.16712190307104e-05
"187"	"AT3G27320"	-0.0348449459209359	0.999986531754771	0.999999997398184	13.8571428571429	0.00469272464170966	0.0395376705626455	-0.0348449459209359	-0.000181622389822722
"188"	"AT3G28670"	-0.0348449459209359	0.999986531754771	0.999999997398184	13.8571428571429	0.00469272464170966	0.0395376705626455	-0.0348449459209359	-0.000181622389822722
"189"	"AT3G57420"	-0.0349578412701127	0.99999967732856	0.999999997398184	14.7142857142857	0.00243624788822263	0.0373940891583353	-0.0349578412701127	-0.00223394853337545
"190"	"AT5G67530"	-0.0350157805029438	0.999991452466701	0.999999997398184	13.9285714285714	0.00433318161128812	0.0393489621142319	-0.0350157805029438	-0.000523193187062007
"191"	"AT4G19040"	-0.0354809949070049	0.99998833491992	0.999999997398184	13.6428571428571	0.00463465702905411	0.040115651936059	-0.0354809949070049	-0.000294735847565264
"192"	"AT3G06440"	-0.0356573098209756	0.99998533104694	0.999999997398184	13.5	0.00485385670570856	0.0405111665266841	-0.0356573098209756	-0.000113204227160829
"193"	"AT4G04885"	-0.0360800896173196	0.999986331939032	0.999999997398184	13.3571428571429	0.00483505170513664	0.0409151413224563	-0.0360800896173196	-0.000170483017806288
"194"	"AT3G02065"	-0.0362856093500668	0.999999511494655	0.999999997398184	14.0714285714286	0.00269168333277174	0.0389772926828385	-0.0362856093500668	-0.00212929437687426
"195"	"AT4G19610"	-0.0366900716536148	0.999995373995432	0.999999997398184	13.4285714285714	0.00402200786990284	0.0407120795235176	-0.0366900716536148	-0.000964187634093542
"196"	"AT1G03000"	-0.0371341209810624	0.999999202539073	0.999999997398184	13.6428571428571	0.00298153095499659	0.040115651936059	-0.0371341209810624	-0.00194786192162278
"197"	"AT3G49850"	-0.0374122606858543	0.999991575627403	0.999999997398184	13	0.00455166135639508	0.0419639220422494	-0.0374122606858543	-0.000553757244623376
"198"	"AT5G08750"	-0.0377477507637729	0.999988229656766	0.999999997398184	12.7857142857143	0.00487356343915128	0.0426213142029242	-0.0377477507637729	-0.000294463939074304
"199"	"AT1G62810"	-0.0383225929571333	0.999997821589684	0.999999997398184	13	0.00364132908511607	0.0419639220422494	-0.0383225929571333	-0.00146408951590239
"200"	"AT5G06770"	-0.0386306721524869	0.99999521407478	0.999999997398184	12.7142857142857	0.00421469705650996	0.0428453692089969	-0.0386306721524869	-0.000974668893722546
"201"	"AT5G45710"	-0.0386376274309102	0.999993660151529	0.999999997398184	12.6428571428571	0.00443432847914319	0.0430719559100534	-0.0386376274309102	-0.000776617156904227
"202"	"AT1G27750"	-0.0391468928098417	0.999983497484266	0.999999997398184	12.2142857142857	0.00534023618049472	0.0444871289903365	-0.0391468928098417	-5.48784415107736e-06
"203"	"AT2G27590"	-0.0393627429916888	0.999992480873026	0.999999997398184	12.3571428571429	0.00464175471693264	0.0440044977086214	-0.0393627429916888	-0.000658004423740302
"204"	"AT1G10870"	-0.0396648298393358	0.999988245434825	0.999999997398184	12.1428571428571	0.00506787330316742	0.0447327031425032	-0.0396648298393358	-0.00030123873597045
"205"	"AT3G61320"	-0.039740679371183	0.999999702057615	0.999999997398184	12.8571428571429	0.00265906932573599	0.042399748696919	-0.039740679371183	-0.00248785657572719
"206"	"AT1G08720"	-0.0398907416103909	0.999984752196526	0.999999997398184	12	0.00534188034188034	0.0452326219522713	-0.0398907416103909	-7.48430124735341e-05
"207"	"AT1G77680"	-0.0398907416103909	0.999984752196526	0.999999997398184	12	0.00534188034188034	0.0452326219522713	-0.0398907416103909	-7.48430124735341e-05
"208"	"AT5G49880"	-0.0398907416103909	0.999984752196526	0.999999997398184	12	0.00534188034188034	0.0452326219522713	-0.0398907416103909	-7.48430124735341e-05
"209"	"AT5G47970"	-0.0403702556434261	0.999998298965008	0.999999997398184	12.3571428571429	0.00363424206519532	0.0440044977086214	-0.0403702556434261	-0.00166551707547762
"210"	"AT1G48540"	-0.0404295362486175	0.999985995195271	0.999999997398184	11.8571428571429	0.0053150507498018	0.0457445869984193	-0.0404295362486175	-0.000150431180375693
"211"	"AT1G50730"	-0.0413040456321569	0.99999119440006	0.999999997398184	11.7142857142857	0.00496499336475541	0.0462690389969123	-0.0413040456321569	-0.000550436374802376
"212"	"AT2G42700"	-0.0413040456321569	0.99999119440006	0.999999997398184	11.7142857142857	0.00496499336475541	0.0462690389969123	-0.0413040456321569	-0.000550436374802376
"213"	"AT5G23200"	-0.0413040456321569	0.99999119440006	0.999999997398184	11.7142857142857	0.00496499336475541	0.0462690389969123	-0.0413040456321569	-0.000550436374802376
"214"	"AT3G52390"	-0.0413073255024088	0.999988325893933	0.999999997398184	11.6428571428571	0.00522876573913497	0.0465360912415438	-0.0413073255024088	-0.000312097547530578
"215"	"AT5G58510"	-0.0413073255024088	0.999988325893933	0.999999997398184	11.6428571428571	0.00522876573913497	0.0465360912415438	-0.0413073255024088	-0.000312097547530578
"216"	"AT1G23890"	-0.0415544827273556	0.999984666586911	0.999999997398184	11.5	0.00552566526101498	0.0470801479883706	-0.0415544827273556	-6.70129539197869e-05
"217"	"AT5G07290"	-0.0415544827273556	0.999984666586911	0.999999997398184	11.5	0.00552566526101498	0.0470801479883706	-0.0415544827273556	-6.70129539197869e-05
"218"	"AT2G25850"	-0.0418043922784009	0.999984659925488	0.999999997398184	11.4285714285714	0.00555288461538461	0.0473572768937855	-0.0418043922784009	-6.61868286372823e-05
"219"	"AT2G15560"	-0.0425728172179894	0.999988425229828	0.999999997398184	11.2857142857143	0.00534924136910998	0.0479220585870994	-0.0425728172179894	-0.00032361880760848
"220"	"AT3G08840"	-0.0425728172179894	0.999988425229828	0.999999997398184	11.2857142857143	0.00534924136910998	0.0479220585870994	-0.0425728172179894	-0.00032361880760848
"221"	"AT3G13224"	-0.0425728172179894	0.999988425229828	0.999999997398184	11.2857142857143	0.00534924136910998	0.0479220585870994	-0.0425728172179894	-0.00032361880760848
"222"	"AT3G17750"	-0.0428226630149471	0.999999788696257	0.999999997398184	11.9285714285714	0.00266440863091872	0.0454870716458658	-0.0428226630149471	-0.00277654802758701
"223"	"AT5G61380"	-0.0433354815565949	0.999996796893983	0.999999997398184	11.3571428571429	0.00430241014078679	0.0476378916973817	-0.0433354815565949	-0.00134338652262523
"224"	"AT4G01090"	-0.0437123617117303	0.999999962379071	0.999999997398184	11.8571428571429	0.00203222528668892	0.0457445869984193	-0.0437123617117303	-0.00343325664348857
"225"	"AT2G41000"	-0.0440098076692011	0.999992420957422	0.999999997398184	11	0.00508582326764145	0.0490956309368426	-0.0440098076692011	-0.000698805704290646
"226"	"AT4G11110"	-0.0440098076692011	0.999992420957422	0.999999997398184	11	0.00508582326764145	0.0490956309368426	-0.0440098076692011	-0.000698805704290646
"227"	"AT1G11390"	-0.0449361600510352	0.99999666882958	0.999999997398184	10.9285714285714	0.00446245198263653	0.0493986120336717	-0.0449361600510352	-0.00135103233185072
"228"	"AT4G35910"	-0.0452812634861115	0.999998682491637	0.999999997398184	11	0.00381436745073109	0.0490956309368426	-0.0452812634861115	-0.00197026152120101
"229"	"AT2G27210"	-0.0458130189020185	0.999997827036165	0.999999997398184	10.7857142857143	0.00420359430929143	0.0500166132113099	-0.0458130189020185	-0.00166874726020899
"230"	"AT5G20610"	-0.0458617112755748	0.999993516816024	0.999999997398184	10.5714285714286	0.00511322132943755	0.0509749326050124	-0.0458617112755748	-0.00085038875374882
"231"	"AT1G42540"	-0.0460702022665924	0.999992784114896	0.999999997398184	10.5	0.00523286237571952	0.0513030646423119	-0.0460702022665924	-0.000761998377685846
"232"	"AT3G11890"	-0.0460702022665924	0.999992784114896	0.999999997398184	10.5	0.00523286237571952	0.0513030646423119	-0.0460702022665924	-0.000761998377685846
"233"	"AT5G65540"	-0.0462002041765601	0.99999993932619	0.999999997398184	11.1428571428571	0.00230111768573307	0.0485013218622931	-0.0462002041765601	-0.00342691042195622
"234"	"AT5G58150"	-0.0463814225453879	0.999992841537399	0.999999997398184	10.4285714285714	0.00525426909363858	0.0516356916390264	-0.0463814225453879	-0.000772270421358645
"235"	"AT4G28990"	-0.0471101309911952	0.99999928951762	0.999999997398184	10.6428571428571	0.0035410740333942	0.0506512050245894	-0.0471101309911952	-0.00239170485165664
"236"	"AT4G16790"	-0.0472383477873465	0.999999042372796	0.999999997398184	10.5714285714286	0.0037365848176659	0.0509749326050124	-0.0472383477873465	-0.00222702526552047
"237"	"AT5G39500"	-0.0472449621909996	0.999989020554672	0.999999997398184	10.1428571428571	0.00576808630766179	0.0530130484986614	-0.0472449621909996	-0.000389630051110191
"238"	"AT3G54850"	-0.047329050104897	0.99999511877851	0.999999997398184	10.2857142857143	0.00498575498575498	0.052314805090652	-0.047329050104897	-0.00110546200082563
"239"	"AT5G49530"	-0.047329050104897	0.99999511877851	0.999999997398184	10.2857142857143	0.00498575498575498	0.052314805090652	-0.047329050104897	-0.00110546200082563
"240"	"AT1G30480"	-0.047577395564482	0.999984892922591	0.999999997398184	10	0.00615384615384615	0.0537312417183281	-0.047577395564482	-7.22695591798056e-05
"241"	"AT5G27270"	-0.0477960334552136	0.999998940430838	0.999999997398184	10.4285714285714	0.00383965818381281	0.0516356916390264	-0.0477960334552136	-0.00218688133118442
"242"	"AT5G41330"	-0.048115258076478	0.999993943400667	0.999999997398184	10.0714285714286	0.00525434024754984	0.0533695983240278	-0.048115258076478	-0.000937333237447515
"243"	"AT4G31010"	-0.0483629378969092	0.999986521193427	0.999999997398184	9.85714285714286	0.00610731423585866	0.0544702521327679	-0.0483629378969092	-0.000189183421399655
"244"	"AT4G37190"	-0.0483629378969092	0.999986521193427	0.999999997398184	9.85714285714286	0.00610731423585866	0.0544702521327679	-0.0483629378969092	-0.000189183421399655
"245"	"AT1G20780"	-0.0486914565324347	0.999993283341646	0.999999997398184	9.92857142857143	0.00540663208226999	0.0540980886147047	-0.0486914565324347	-0.000854421430410881
"246"	"AT1G22660"	-0.0496414320044329	0.999992614176133	0.999999997398184	9.71428571428571	0.00558956614319936	0.0552309981476323	-0.0496414320044329	-0.000779383515474612
"247"	"AT2G28480"	-0.0496414320044329	0.999992614176133	0.999999997398184	9.71428571428571	0.00558956614319936	0.0552309981476323	-0.0496414320044329	-0.000779383515474612
"248"	"AT3G48195"	-0.0496414320044329	0.999992614176133	0.999999997398184	9.71428571428571	0.00558956614319936	0.0552309981476323	-0.0496414320044329	-0.000779383515474612
"249"	"AT3G52260"	-0.0496414320044329	0.999992614176133	0.999999997398184	9.71428571428571	0.00558956614319936	0.0552309981476323	-0.0496414320044329	-0.000779383515474612
"250"	"AT3G10630"	-0.0496516905130222	0.99998943512462	0.999999997398184	9.64285714285714	0.00596813337554078	0.055619823888563	-0.0496516905130222	-0.000437847306078972
"251"	"AT2G26460"	-0.0499463156617614	0.999997801785323	0.999999997398184	9.85714285714286	0.00452393647100641	0.0544702521327679	-0.0499463156617614	-0.0017725611862519
"252"	"AT2G33540"	-0.0503937333871606	0.999985227775368	0.999999997398184	9.42857142857143	0.00642791551882461	0.0568216489059852	-0.0503937333871606	-9.2524688263926e-05
"253"	"AT3G06240"	-0.0503937333871606	0.999985227775368	0.999999997398184	9.42857142857143	0.00642791551882461	0.0568216489059852	-0.0503937333871606	-9.2524688263926e-05
"254"	"AT3G07740"	-0.0508963256560856	0.999986907059722	0.999999997398184	9.35714285714286	0.00633816390473928	0.0572344895608249	-0.0508963256560856	-0.000221594459953035
"255"	"AT4G00500"	-0.0513478056615744	0.999999562881059	0.999999997398184	9.78571428571429	0.00350004303331598	0.0548478486948903	-0.0513478056615744	-0.00283241620128733
"256"	"AT1G60790"	-0.0515362487473594	0.999989796280232	0.999999997398184	9.28571428571429	0.00611743286299499	0.0576536816103544	-0.0515362487473594	-0.000482248554033466
"257"	"AT1G73970"	-0.0517271834386129	0.999997721409466	0.999999997398184	9.5	0.00468783294268059	0.0564150163812935	-0.0517271834386129	-0.00179388035729445
"258"	"AT1G80510"	-0.0521243260268441	0.999997777460759	0.999999997398184	9.42857142857143	0.00469732287914106	0.0568216489059852	-0.0521243260268441	-0.00182311732794747
"259"	"AT1G69370"	-0.0523197336864824	0.999993160204142	0.999999997398184	9.21428571428571	0.00575963907494465	0.058079372761427	-0.0523197336864824	-0.000880584356471681
"260"	"AT2G43260"	-0.0523197336864824	0.999993160204142	0.999999997398184	9.21428571428571	0.00575963907494465	0.058079372761427	-0.0523197336864824	-0.000880584356471681
"261"	"AT3G06250"	-0.0523197336864824	0.999993160204142	0.999999997398184	9.21428571428571	0.00575963907494465	0.058079372761427	-0.0523197336864824	-0.000880584356471681
"262"	"AT4G30840"	-0.0524742381186642	0.999987184665215	0.999999997398184	9.07142857142857	0.00647662833787206	0.0589508664565363	-0.0524742381186642	-0.000246594493078484
"263"	"AT3G07190"	-0.0526534404019539	0.999998163611426	0.999999997398184	9.35714285714286	0.00458104915887096	0.0572344895608249	-0.0526534404019539	-0.00197870920582135
"264"	"AT4G31670"	-0.0526534404019539	0.999998163611426	0.999999997398184	9.35714285714286	0.00458104915887096	0.0572344895608249	-0.0526534404019539	-0.00197870920582135
"265"	"AT5G23510"	-0.0529020122546326	0.999999966993961	0.999999997398184	9.71428571428571	0.00232898589299973	0.0552309981476323	-0.0529020122546326	-0.00403996376567424
"266"	"AT3G28700"	-0.0531647094883506	0.999985662885373	0.999999997398184	8.92857142857143	0.00668553846153846	0.0598502479498891	-0.0531647094883506	-0.000123339749731398
"267"	"AT5G48340"	-0.0531647094883506	0.999985662885373	0.999999997398184	8.92857142857143	0.00668553846153846	0.0598502479498891	-0.0531647094883506	-0.000123339749731398
"268"	"AT1G71710"	-0.0532533018751967	0.999996204965922	0.999999997398184	9.14285714285714	0.00525841346153846	0.0585117153367351	-0.0532533018751967	-0.00142298545324054
"269"	"AT4G16100"	-0.053698982531027	0.99999429006342	0.999999997398184	9	0.0056980056980057	0.0593969882290327	-0.053698982531027	-0.00106770492080165
"270"	"AT4G13970"	-0.0544436172711601	0.999990399079601	0.999999997398184	8.78571428571429	0.00633526035072733	0.0607788776218875	-0.0544436172711601	-0.00056205878168523
"271"	"AT2G35720"	-0.0547076805542604	0.999995233675696	0.999999997398184	8.85714285714286	0.005603137757144	0.0603108183114044	-0.0547076805542604	-0.0012496042980797
"272"	"AT3G49350"	-0.0547076805542604	0.999995233675696	0.999999997398184	8.85714285714286	0.005603137757144	0.0603108183114044	-0.0547076805542604	-0.0012496042980797
"273"	"AT4G11970"	-0.0547076805542604	0.999995233675696	0.999999997398184	8.85714285714286	0.005603137757144	0.0603108183114044	-0.0547076805542604	-0.0012496042980797
"274"	"AT5G01030"	-0.0547076805542604	0.999995233675696	0.999999997398184	8.85714285714286	0.005603137757144	0.0603108183114044	-0.0547076805542604	-0.0012496042980797
"275"	"AT1G45150"	-0.05621332251991	0.999999935640869	0.999999997398184	9.07142857142857	0.00273754393662634	0.0589508664565363	-0.05621332251991	-0.00398567889432421
"276"	"AT2G24520"	-0.0563345099800048	0.999998007368561	0.999999997398184	8.71428571428571	0.00492010005581626	0.0612546100358211	-0.0563345099800048	-0.00202252692554236
"277"	"AT1G09440"	-0.0563686692463388	0.999996741554735	0.999999997398184	8.64285714285714	0.00536953654910079	0.0617382057954396	-0.0563686692463388	-0.00161914717126912
"278"	"AT2G41705"	-0.0565461008006243	0.999995584756053	0.999999997398184	8.57142857142857	0.00568376068376068	0.062229861484385	-0.0565461008006243	-0.00135174738793736
"279"	"AT3G53240"	-0.0586298769842612	0.999999997398184	0.999999997398184	8.85714285714286	0.0016809413271432	0.0603108183114044	-0.0586298769842612	-0.0051718007280805
"280"	"AT5G46490"	-0.059849115689759	0.999998432602827	0.999999997398184	8.21428571428571	0.00496728224516504	0.0648163979349241	-0.059849115689759	-0.00231456263134624
"281"	"AT2G41520"	-0.0600957214058326	0.99999623267767	0.999999997398184	8.07142857142857	0.00581938227799298	0.0659151036838256	-0.0600957214058326	-0.00156710124127084
"282"	"AT4G14190"	-0.0600957214058326	0.99999623267767	0.999999997398184	8.07142857142857	0.00581938227799298	0.0659151036838256	-0.0600957214058326	-0.00156710124127084
"283"	"AT3G22980"	-0.0605179214880868	0.999988891285576	0.999999997398184	7.85714285714286	0.00712015257469803	0.0676380740627848	-0.0605179214880868	-0.000430423361609519
"284"	"AT3G12380"	-0.0610224234287356	0.999995724994751	0.999999997398184	7.92857142857143	0.00603097900395198	0.0670534024326876	-0.0610224234287356	-0.00146391391996536
"285"	"AT4G28570"	-0.0616714790597211	0.999998879150548	0.999999997398184	8	0.00480769230769231	0.0664791713674134	-0.0616714790597211	-0.00263251194334178
"286"	"AT4G33495"	-0.062561540949997	0.999995252961899	0.999999997398184	7.71428571428571	0.00627835813020998	0.068839899080207	-0.062561540949997	-0.00138667733156635
"287"	"AT1G51450"	-0.0628027974298856	0.999989427339215	0.999999997398184	7.57142857142857	0.00728427855519347	0.0700870759850791	-0.0628027974298856	-0.000499535659427816
"288"	"AT5G16630"	-0.0628027974298856	0.999989427339215	0.999999997398184	7.57142857142857	0.00728427855519347	0.0700870759850791	-0.0628027974298856	-0.000499535659427816
"289"	"AT2G39740"	-0.0632071137290744	0.999987789795059	0.999999997398184	7.5	0.00752136752136752	0.0707284812504419	-0.0632071137290744	-0.000323532909002604
"290"	"AT1G16590"	-0.0638150842274394	0.999987934674254	0.999999997398184	7.42857142857143	0.00756713700500683	0.0713822212324462	-0.0638150842274394	-0.000340024376030381
"291"	"AT3G06210"	-0.0638150842274394	0.999987934674254	0.999999997398184	7.42857142857143	0.00756713700500683	0.0713822212324462	-0.0638150842274394	-0.000340024376030381
"292"	"AT4G24200"	-0.0654864790028516	0.999999356797735	0.999999997398184	7.57142857142857	0.00460059698222746	0.0700870759850791	-0.0654864790028516	-0.00318321723239383
"293"	"AT1G34360"	-0.0672673802220376	0.999990493646636	0.999999997398184	7.07142857142857	0.00758164394528031	0.0748490241673179	-0.0672673802220376	-0.000655689143839918
"294"	"AT1G07910"	-0.0684383058014025	0.999989058490603	0.999999997398184	6.92857142857143	0.00789751220190162	0.0763358180033041	-0.0684383058014025	-0.000481420300169677
"295"	"AT4G13870"	-0.0685279291568646	0.999998407110672	0.999999997398184	7.14285714285714	0.0056	0.0741279291568646	-0.0685279291568646	-0.00256865737383896
"296"	"AT2G46870"	-0.0693054005516109	0.999997112931625	0.999999997398184	7	0.00627943485086342	0.0755848354024744	-0.0693054005516109	-0.00202797549874789
"297"	"AT5G41410"	-0.0693054005516109	0.999997112931625	0.999999997398184	7	0.00627943485086342	0.0755848354024744	-0.0693054005516109	-0.00202797549874789
"298"	"AT1G61030"	-0.0703439893592528	0.999999604921354	0.999999997398184	7.07142857142857	0.00450503480806511	0.0748490241673179	-0.0703439893592528	-0.00373229828105512
"299"	"AT2G22530"	-0.0706062876249266	0.999993979778725	0.999999997398184	6.78571428571429	0.00727892606008949	0.0778852136850161	-0.0706062876249266	-0.00124756793547817
"300"	"AT5G62620"	-0.0706062876249266	0.999993979778725	0.999999997398184	6.78571428571429	0.00727892606008949	0.0778852136850161	-0.0706062876249266	-0.00124756793547817
"301"	"AT5G53890"	-0.0738981122840662	0.999998906868947	0.999999997398184	6.64285714285714	0.005603137757144	0.0795012500412102	-0.0738981122840662	-0.00307726446282311
"302"	"AT5G19080"	-0.0756782078900846	0.999997957768308	0.999999997398184	6.42857142857143	0.00638176638176638	0.082059974271851	-0.0756782078900846	-0.00254232386016652
"303"	"AT2G17670"	-0.076116035846406	0.99998899753751	0.999999997398184	6.21428571428571	0.00867912639612996	0.084795162242536	-0.076116035846406	-0.000505457938249127
"304"	"AT2G20210"	-0.076116035846406	0.99998899753751	0.999999997398184	6.21428571428571	0.00867912639612996	0.084795162242536	-0.076116035846406	-0.000505457938249127
"305"	"AT2G37150"	-0.0781776372241973	0.999995448598185	0.999999997398184	6.14285714285714	0.0075716603569497	0.085749297581147	-0.0781776372241973	-0.00170379400967806
"306"	"AT2G04620"	-0.0791787122355471	0.999991640164519	0.999999997398184	6	0.00854700854700855	0.0877257207825556	-0.0791787122355471	-0.000916676600705742
"307"	"AT3G01460"	-0.0791787122355471	0.999991640164519	0.999999997398184	6	0.00854700854700855	0.0877257207825556	-0.0791787122355471	-0.000916676600705742
"308"	"AT2G25420"	-0.0823403249706788	0.999998635294513	0.999999997398184	5.92857142857143	0.00640932590417276	0.0887496508748516	-0.0823403249706788	-0.00315187639518877
"309"	"AT1G79190"	-0.0854567350323737	0.999999576152027	0.999999997398184	5.78571428571429	0.00541662270057332	0.090873357732947	-0.0854567350323737	-0.0043468373947973
"310"	"AT1G04010"	-0.0857666860706619	0.999994540166929	0.999999997398184	5.57142857142857	0.00849643453193749	0.0942631206025994	-0.0857666860706619	-0.00158986012244763
"311"	"AT5G15710"	-0.0857666860706619	0.999994540166929	0.999999997398184	5.57142857142857	0.00849643453193749	0.0942631206025994	-0.0857666860706619	-0.00158986012244763
"312"	"AT5G60280"	-0.0865515480333257	0.999993251884798	0.999999997398184	5.5	0.00890019071837254	0.0954517387516982	-0.0865515480333257	-0.00129930566449819
"313"	"AT5G36930"	-0.087722137071565	0.99999349064563	0.999999997398184	5.42857142857143	0.0089494992542084	0.0966716363257734	-0.087722137071565	-0.00136617785000282
"314"	"AT5G46260"	-0.0893086798864392	0.9999951798071	0.999999997398184	5.35714285714286	0.00861538461538462	0.0979240645018239	-0.0893086798864392	-0.00181957136273617
"315"	"AT5G59730"	-0.0893086798864392	0.9999951798071	0.999999997398184	5.35714285714286	0.00861538461538462	0.0979240645018239	-0.0893086798864392	-0.00181957136273617
"316"	"AT2G20500"	-0.0910876179235146	0.999984889294885	0.999999997398184	5.14285714285714	0.0108024691358025	0.101890087059317	-0.0910876179235146	-1.02032763652938e-05
"317"	"AT4G29420"	-0.091343847735057	0.999997418600844	0.999999997398184	5.28571428571429	0.00786649435298084	0.0992103420880379	-0.091343847735057	-0.00269096425239843
"318"	"AT3G44530"	-0.0945276280007383	0.999996028506069	0.999999997398184	5.07142857142857	0.00875894587459753	0.103286573875336	-0.0945276280007383	-0.00218672528195297
"319"	"AT1G73710"	-0.0969043320735621	0.999999867274332	0.999999997398184	5.14285714285714	0.00498575498575498	0.101890087059317	-0.0969043320735621	-0.00582691742641278
