"Gene"	"effect.size"	"p.value"	"q.value"	"Mean"	"CV2"	"TechNoise"	"BioVar"	"Stable"
"1"	"AT2G41260"	10.0916788154883	0	0	5.71428571428571	10.1836538461538	0.091975030665584	10.0916788154883	10.1737854648268
"2"	"AT5G27889"	3.24423479076402	0	0	19	3.27381206051566	0.0295772697516402	3.24423479076402	3.26988632308518
"3"	"ATCG01070"	2.19584031258023	0	0	6.35714285714286	2.27879152787624	0.0829512152960068	2.19584031258023	2.26978255753677
"4"	"ATCG01080"	2.17623385081535	0	0	8.07142857142857	2.24214895449918	0.0659151036838256	2.17623385081535	2.23476247097991
"5"	"AT3G02480"	2.16012165137255	0	0	6.14285714285714	2.2458709489537	0.085749297581147	2.16012165137255	2.23659549458707
"6"	"ATCG00650"	1.64948051834404	0	0	7.07142857142857	1.72432954251136	0.0748490241673179	1.64948051834404	1.71609220942224
"7"	"ATCG01060"	1.48920875658496	0	0	13.2142857142857	1.53053660729336	0.0413278507084073	1.48920875658496	1.52549176691462
"8"	"AT3G20395"	1.2183002874877	0	0	12.9285714285714	1.26048091891625	0.0421806314285492	1.2183002874877	1.25535486132606
"9"	"AT1G31258"	1.20530469803852	0	0	43.2142857142857	1.2198439576952	0.0145392596566775	1.20530469803852	1.21735041170233
"10"	"ATCG00580"	1.17870065815454	0	0	24.0714285714286	1.20262368455097	0.0239230263964313	1.17870065815454	1.19923644648765
"11"	"ATCG00070"	1.06307293941139	0	0	30.9285714285714	1.08229939233358	0.0192264529221896	1.06307293941139	1.07935944698209
"12"	"AT5G45430"	1.05770472473849	0	0	28.7142857142857	1.0782025578194	0.0204978330809117	1.05770472473849	1.07514152864327
"13"	"AT1G13609"	1.03566186130177	0	0	18.1428571428571	1.06650705609104	0.0308451947892616	1.03566186130177	1.06246056389506
"14"	"AT1G43800"	1.00774187050073	0	0	11.2142857142857	1.05595171593792	0.0482098454371956	1.00774187050073	1.05025144748977
"15"	"AT2G14247"	0.983860834705085	0	0	29.7857142857143	1.00371987965798	0.0198590449528929	0.983860834705085	1.00071968744642
"16"	"ATCG01020"	0.951940247765746	0	0	74.7857142857143	0.961498147777406	0.00955790001166006	0.951940247765746	0.959479016988825
"17"	"AT4G19112"	0.916859980029077	0	0	11.5714285714286	0.963666420456544	0.046806440427467	0.916859980029077	0.958099809628362
"18"	"ATCG01050"	0.905132867892989	0	0	5.64285714285714	0.998237461945201	0.0931045940522118	0.905132867892989	0.988261503152757
"19"	"AT4G26055"	0.893379763150828	0	0	7.14285714285714	0.967507692307692	0.0741279291568646	0.893379763150828	0.959339034933853
"20"	"AT1G01046"	0.868072438528923	0	0	5.21428571428571	0.968604298684989	0.100531860156066	0.868072438528923	0.957920981215988
"21"	"ATCG00440"	0.856718723661889	0	0	6	0.944444444444444	0.0877257207825556	0.856718723661889	0.93498075929673
"22"	"ATCG00680"	0.820413112409001	0	0	27.1428571428571	0.841939058171745	0.0215259457627442	0.820413112409001	0.838780113502108
"23"	"ATCG00520"	0.807186006107006	0	0	10.7857142857143	0.857202619318316	0.0500166132113099	0.807186006107006	0.851330277748815
"24"	"AT5G50562"	0.788671036165831	0	0	26.2857142857143	0.810809582666861	0.0221385465010298	0.788671036165831	0.807592295069768
"25"	"AT1G47400"	0.786345402370414	0	0	20.5714285714286	0.813872566476733	0.0275271641063195	0.786345402370414	0.810142077202946
"26"	"AT2G07732"	0.775389925902745	0	0	52.7142857142857	0.787802674774715	0.0124127488719704	0.775389925902745	0.785511653618485
"27"	"ATCG00130"	0.775354402452416	0	0	20.6428571428571	0.802795796174707	0.0274413937222906	0.775354402452416	0.799073475508923
"28"	"AT5G57080"	0.771053529123225	0	0	18.0714285714286	0.802009813523819	0.0309562844005947	0.771053529123225	0.797952741364863
"29"	"AT2G41240"	0.763866573282681	0	0	9.28571428571429	0.821520254893036	0.0576536816103544	0.763866573282681	0.814920573476007
"30"	"ATCG00905"	0.754512686604984	0	0	11.2142857142857	0.80272253204218	0.0482098454371956	0.754512686604984	0.797022263594024
"31"	"ATCG01100"	0.74130898756259	0	0	6.14285714285714	0.827058285143737	0.085749297581147	0.74130898756259	0.817782830777109
"32"	"AT2G40205"	0.735574134080547	0	0	265.571428571429	0.740233732674155	0.00465959859360817	0.735574134080547	0.738681106782531
"33"	"AT3G07273"	0.722706122444166	0	0	11.2142857142857	0.770915967881362	0.0482098454371956	0.722706122444166	0.765215699433206
"34"	"ATCG00040"	0.721001835436623	0	0	8.28571428571429	0.785283087899021	0.0642812524623987	0.721001835436623	0.778052209257989
"35"	"AT5G45428"	0.719675677444818	0	0	51.7142857142857	0.732275477643446	0.0125998001986275	0.719675677444818	0.729966642075153
"36"	"AT4G22510"	0.711067028073601	0	0	9.42857142857143	0.767888676979586	0.0568216489059852	0.711067028073601	0.761368236772497
"37"	"ATCG00020"	0.705934493337145	0	0	149.642857142857	0.712081577606381	0.00614708426923646	0.705934493337145	0.710387286412316
"38"	"ATCG00490"	0.700332539513184	0	0	76.6428571428571	0.709725222563864	0.00939268305068009	0.700332539513184	0.707721826723947
"39"	"AT4G22513"	0.695985852717502	0	0	157.714285714286	0.701958546402663	0.00597269368516073	0.695985852717502	0.700280863835652
"40"	"AT5G50335"	0.694374166789389	0	0	13.6428571428571	0.734489818725448	0.040115651936059	0.694374166789389	0.729560425848829
"41"	"AT5G44973"	0.637527622796449	5.90150150969748e-12	7.14035214157571e-10	4.78571428571429	0.746817005671985	0.109289382875536	0.637527622796449	0.735299638420177
"42"	"AT2G47880"	0.637066055207665	0	0	14.7857142857143	0.674292731003506	0.0372266757958409	0.637066055207665	0.669638478711669
"43"	"AT4G22517"	0.622222946658043	0	0	138	0.628657521852229	0.00643457519418556	0.622222946658043	0.626935850570074
"44"	"AT1G55010"	0.613553893557779	0	0	9.57142857142857	0.66956834655654	0.0560144529987613	0.613553893557779	0.663124782150139
"45"	"ATCG00640"	0.613539369284846	0	0	8.57142857142857	0.675769230769231	0.062229861484385	0.613539369284846	0.668733722697533
"46"	"ATCG00720"	0.60344139605507	0	0	26.9285714285714	0.625116835897183	0.0216754398421136	0.60344139605507	0.621943653696178
"47"	"AT4G10270"	0.581280780081958	1.11022302462516e-16	1.75873061818455e-14	7.57142857142857	0.651367856067037	0.0700870759850791	0.581280780081958	0.643584041852416
"48"	"AT4G22520"	0.576304459439576	0	0	73.2857142857143	0.586001916872954	0.00969745743337851	0.576304459439576	0.583969494901352
"49"	"AT3G56970"	0.564492710776232	0	0	17.4285714285714	0.596489777355136	0.031997066578904	0.564492710776232	0.59233358308396
"50"	"AT5G09672"	0.5372630130315	0	0	9.71428571428571	0.592494011179132	0.0552309981476323	0.5372630130315	0.586125061520458
"51"	"ATCG00280"	0.534915904125314	0	0	41.7142857142857	0.549879469376561	0.0149635652512468	0.534915904125314	0.547345513327066
"52"	"ATCG00330"	0.534768515985944	0	0	38	0.550926912422757	0.0161583964368136	0.534768515985944	0.548279162927018
"53"	"ATCG00140"	0.523288103533997	0	0	37.9285714285714	0.539471770918673	0.0161836673846758	0.523288103533997	0.536821614665995
"54"	"AT2G36854"	0.522691080285801	0	0	10.2142857142857	0.575352565669941	0.0526614853841392	0.522691080285801	0.569228331512552
"55"	"AT3G13857"	0.522364393333456	1.11022302462516e-16	1.75873061818455e-14	8.64285714285714	0.584102599128895	0.0617382057954396	0.522364393333456	0.577113915408525
"56"	"ATCG00340"	0.512120438157177	0	0	41.2142857142857	0.527232302013111	0.0151118638559345	0.512120438157177	0.52468422228698
"57"	"ATCG00150"	0.499199677120261	1.77635683940025e-15	2.67602933276708e-13	8.42857142857143	0.562437849424347	0.0632381723040867	0.499199677120261	0.555306311750773
"58"	"ATCG00540"	0.49598492189996	0	0	9.92857142857143	0.550083010514665	0.0540980886147047	0.49598492189996	0.543821957001984
"59"	"ATCG00820"	0.492522453324742	0	0	19.2142857142857	0.521800417351888	0.0292779640271459	0.492522453324742	0.517903185228499
"60"	"AT2G30766"	0.479960367625646	0	0	168.285714285714	0.485729958915497	0.00576959128985101	0.479960367625646	0.484071619433754
"61"	"AT1G47395"	0.476810457687221	0	0	43.7142857142857	0.491214753037129	0.0144042953499081	0.476810457687221	0.488734060787762
"62"	"ATCG00730"	0.467097990753909	0	0	28.5714285714286	0.487684615384615	0.0205866246307063	0.467097990753909	0.48461512987041
"63"	"AT4G21650"	0.465655233480321	1.46680778634334e-09	1.40868552780948e-07	5.42857142857143	0.562326869806094	0.0966716363257734	0.465655233480321	0.552011192701883
"64"	"AT2G31980"	0.444907661320486	4.39684955111375e-11	4.82585644302956e-09	6.71428571428571	0.523592297245534	0.0786846359250483	0.444907661320486	0.514989667798535
"65"	"AT4G22490"	0.440306739223245	0	0	205.785714285714	0.44552416606043	0.00521742683718574	0.440306739223245	0.443918413669418
"66"	"AT3G05727"	0.440199528011579	0	0	289.857142857143	0.444698252859413	0.00449872484783409	0.440199528011579	0.443160948276911
"67"	"AT2G20760_5"	0.438020231021588	6.23038237793638e-05	0.00273531587483916	2.85714285714286	0.619230769230769	0.181210538209181	0.438020231021588	0.600863768137662
"68"	"AT1G52820"	0.427284109977113	1.73194791841524e-14	2.35514262959015e-12	9.5	0.483699126358406	0.0564150163812935	0.427284109977113	0.477217413058431
"69"	"AT3G59900"	0.413918498378338	6.74973341663332e-08	4.98636556153786e-06	5.07142857142857	0.517205072253674	0.103286573875336	0.413918498378338	0.506259401097123
"70"	"AT3G20900"	0.412272044804995	4.3379126957177e-09	3.76589641143493e-07	5.92857142857143	0.501021695679846	0.0887496508748516	0.412272044804995	0.491460493380485
"71"	"AT5G59330"	0.411863416810364	2.78680634124839e-09	2.51894507291899e-07	6.07142857142857	0.498589299973383	0.0867258831630195	0.411863416810364	0.489220837456101
"72"	"ATCG00430"	0.410440256254788	1.2014406136629e-09	1.16109034399648e-07	6.35714285714286	0.493391471550795	0.0829512152960068	0.410440256254788	0.484382501211323
"73"	"AT1G64220"	0.410419711165188	1.19249055074988e-12	1.50195162318219e-10	8.57142857142857	0.472649572649573	0.062229861484385	0.410419711165188	0.465614064577875
"74"	"ATCG00350"	0.407526951221458	0	0	36.2857142857143	0.424319310177082	0.0167923589556243	0.407526951221458	0.421611183298599
"75"	"AT2G41480_2"	0.398313255847094	1.11022302462516e-16	1.75873061818455e-14	12.5	0.441846153846154	0.0435328979990599	0.398313255847094	0.436591308963534
"76"	"AT4G29030"	0.396745078271386	0	0	32.7142857142857	0.415071589610595	0.0183265113392091	0.396745078271386	0.412217352981295
"77"	"ATCG00710"	0.396586566383239	0	0	16.5714285714286	0.430096954175432	0.0335103877921928	0.396586566383239	0.425796634074419
"78"	"AT2G14580"	0.393152858575099	7.32489821020366e-08	5.33433108521277e-06	5.35714285714286	0.491076923076923	0.0979240645018239	0.393152858575099	0.480641967098802
"79"	"ATCG00270"	0.391234879614813	0	0	30.5714285714286	0.410653936857099	0.0194190572422855	0.391234879614813	0.407695648237029
"80"	"ATCG00420"	0.388154572994489	3.90581615938856e-08	2.92764737098364e-06	5.64285714285714	0.481259167046701	0.0931045940522118	0.388154572994489	0.471283208254258
"81"	"AT5G15120"	0.383991469661066	3.73245911955422e-09	3.29614751902702e-07	6.5	0.465179790623578	0.0811883209625119	0.383991469661066	0.456338714982534
"82"	"AT5G03552"	0.383895439744501	2.22044604925031e-16	3.41193739927803e-14	12.6428571428571	0.426967395654555	0.0430719559100534	0.383895439744501	0.421756450018507
"83"	"AT3G44006"	0.380160765909485	0	0	14.3571428571429	0.418416908949321	0.0382561430398365	0.380160765909485	0.413664612158057
"84"	"AT2G43510"	0.368679880961924	2.22044604925031e-15	3.28070903776734e-13	12.3571428571429	0.412684378670546	0.0440044977086214	0.368679880961924	0.407384619529873
"85"	"ATCG00120"	0.362314468913136	0	0	22.6428571428571	0.38757399393887	0.0252595250257338	0.362314468913136	0.384059470291805
"86"	"ATMG01390"	0.361494167052755	0	0	74.7857142857143	0.371052067064415	0.00955790001166006	0.361494167052755	0.369032936275834
"87"	"AT5G07840"	0.358678303845358	2.43246078834858e-09	2.25163810082917e-07	7.21428571428571	0.432099417100888	0.0734211132555292	0.358678303845358	0.423998075527176
"88"	"ATCG00890"	0.344670417348821	3.67802037937182e-07	2.42258697146965e-05	5.64285714285714	0.437775011401033	0.0931045940522118	0.344670417348821	0.427799052608589
"89"	"AT5G53486"	0.337508803314138	2.70944378044646e-11	3.06127302428973e-09	9.64285714285714	0.393128627202701	0.055619823888563	0.337508803314138	0.386722646521082
"90"	"ATCG00530"	0.337430524124739	6.31562580011291e-11	6.73929903087049e-09	9.28571428571429	0.395084205735093	0.0576536816103544	0.337430524124739	0.388484524318065
"91"	"AT5G64110"	0.336818982433217	2.1094237467878e-15	3.14693255273216e-13	14	0.375981161695447	0.0391621792622306	0.336818982433217	0.371142575740145
"92"	"AT3G01940"	0.331908094282301	6.83212202368111e-08	5.02308071846335e-06	6.57142857142857	0.41224371092046	0.0803356166381583	0.331908094282301	0.403483845215069
"93"	"AT5G44260"	0.331768341131074	2.22044604925031e-16	3.41193739927803e-14	15.5	0.367405747218442	0.0356374060873684	0.331768341131074	0.36290285394646
"94"	"AT4G12520"	0.327204460702926	6.77646305735635e-09	5.7528801844938e-07	7.64285714285714	0.396662120306107	0.069457659603181	0.327204460702926	0.388938250508809
"95"	"AT5G38930"	0.324453510390998	1.06606945493581e-11	1.27978306597998e-09	10.5714285714286	0.375428442996011	0.0509749326050124	0.324453510390998	0.369464832912824
"96"	"AT5G36920"	0.324108017101225	2.59581112160845e-09	2.37424010087116e-07	8.14285714285714	0.389468949025736	0.0653609319245112	0.324108017101225	0.382135243769264
"97"	"AT2G07671"	0.323040679857223	3.56881191265757e-12	4.38706910799169e-10	11.1428571428571	0.371542001719517	0.0485013218622931	0.323040679857223	0.365813973611827
"98"	"AT4G36570"	0.320064729129347	1.15899338015701e-07	8.20695496750815e-06	6.64285714285714	0.399565979170558	0.0795012500412102	0.320064729129347	0.390885576950591
"99"	"AT4G22485"	0.319828244566703	0	0	20.4285714285714	0.347528748819766	0.027700504253063	0.319828244566703	0.343781750960574
"100"	"AT5G58390"	0.317463783519772	1.11847756611994e-08	9.19065576524007e-07	7.71428571428571	0.386303682599979	0.068839899080207	0.317463783519772	0.378638647138203
"101"	"ATMG00020"	0.316924836363036	0	0	92.9285714285714	0.325151554414683	0.00822671805164701	0.316924836363036	0.323259202860388
"102"	"AT5G04790"	0.315402749950538	4.10782519111308e-15	5.95479640440034e-13	15	0.352136752136752	0.0367340021862144	0.315402749950538	0.34752942114107
"103"	"AT3G25572"	0.30611698247874	1.30194548475515e-08	1.0548553432638e-06	8	0.372596153846154	0.0664791713674134	0.30611698247874	0.36515594959512
"104"	"AT4G22505"	0.305939314833648	0	0	23.0714285714286	0.330780511650644	0.0248411968169955	0.305939314833648	0.327305828785364
"105"	"AT1G35560_4"	0.305436672379838	1.17977598412811e-06	7.08142100473144e-05	6	0.393162393162393	0.0877257207825556	0.305436672379838	0.383698708014679
"106"	"AT1G63245"	0.305196659736247	1.94689581856089e-06	0.000110800004251876	5.78571428571429	0.396070017469194	0.090873357732947	0.305196659736247	0.386306557373824
"107"	"AT5G33370"	0.303295584451221	6.9489736187478e-07	4.34056620429588e-05	6.28571428571429	0.387158296249205	0.0838627117979843	0.303295584451221	0.378062516719069
"108"	"AT3G47340"	0.301977506330925	0	0	75.9285714285714	0.311432777903982	0.00945527157305726	0.301977506330925	0.30942342125241
"109"	"AT3G61113"	0.300987816035361	1.08608990634362e-06	6.57041633892761e-05	6.14285714285714	0.386737113616508	0.085749297581147	0.300987816035361	0.37746165924988
"110"	"AT1G29951"	0.296431193317111	2.4237467588506e-09	2.25163810082917e-07	9.14285714285714	0.354942908653846	0.0585117153367351	0.296431193317111	0.348261509739067
"111"	"AT5G03285"	0.294622169750385	0	0	33.8571428571429	0.312422538027409	0.0178003682770244	0.294622169750385	0.309618410261174
"112"	"AT1G13710"	0.293377372836809	7.75076331338553e-06	0.000401656762186538	5.42857142857143	0.390049009162583	0.0966716363257734	0.293377372836809	0.379733332058371
"113"	"AT3G55240"	0.293248359087656	5.88418203051333e-15	8.29507716338237e-13	16.4285714285714	0.327026319616112	0.0337779605284555	0.293248359087656	0.322700516397359
"114"	"AT2G16005"	0.28734552529735	5.88418203051333e-15	8.29507716338237e-13	16.9285714285714	0.320206738729411	0.0328612134320619	0.28734552529735	0.315968244757935
"115"	"AT1G22470"	0.2847135505045	1.00566742863295e-05	0.000508325187775458	5.5	0.380165289256198	0.0954517387516982	0.2847135505045	0.369965792873328
"116"	"AT5G04150"	0.281823093571856	3.44841202037927e-07	2.29386576212761e-05	7.21428571428571	0.355244206827385	0.0734211132555292	0.281823093571856	0.347142865253673
"117"	"AT5G04238"	0.279637902953921	0	0	23.0714285714286	0.304479099770917	0.0248411968169955	0.279637902953921	0.301004416905637
"118"	"AT3G22231"	0.278684683185972	1.30432458167462e-08	1.0548553432638e-06	9	0.338081671415005	0.0593969882290327	0.278684683185972	0.331315960796197
"119"	"AT5G53450"	0.273848988830246	0	0	43.4285714285714	0.288330026102706	0.0144810372724602	0.273848988830246	0.28584202509881
"120"	"AT1G13650"	0.272246611060338	3.59127172444573e-11	3.99880299404588e-09	12.6428571428571	0.315318566970391	0.0430719559100534	0.272246611060338	0.310107621334344
"121"	"AT3G53235"	0.267614315340847	7.35644424043613e-07	4.56203563448871e-05	7.28571428571429	0.340342471830361	0.0727281564895141	0.267614315340847	0.332307126139127
"122"	"ATCG00740"	0.263409584719031	1.8403031499914e-05	0.000886460758707454	5.71428571428571	0.355384615384615	0.091975030665584	0.263409584719031	0.345516234057565
"123"	"AT2G15128"	0.260554503288601	0	0	24.5714285714286	0.284046470025378	0.023491966736777	0.260554503288601	0.280700285262975
"124"	"AT2G41480_1"	0.259915940845963	4.09892675357071e-10	4.14369134837944e-08	11.9285714285714	0.305403012491829	0.0454870716458658	0.259915940845963	0.299962055833323
"125"	"AT2G27550_2"	0.258881046945839	0	0	24.3571428571429	0.282555586500341	0.0236745395545024	0.258881046945839	0.279192013850537
"126"	"AT1G24600"	0.258393800897679	7.80876503443384e-05	0.00334232544621477	5.07142857142857	0.361680374773015	0.103286573875336	0.258393800897679	0.350734703616465
"127"	"AT3G02550"	0.251223640985802	1.3879292648511e-07	9.73832012954426e-06	8.85714285714286	0.311534459297206	0.0603108183114044	0.251223640985802	0.304681717241983
"128"	"AT3G23290"	0.250777550085036	1.36229603153737e-08	1.09597072359179e-06	10.2857142857143	0.303092355175688	0.052314805090652	0.250777550085036	0.297001138189108
"129"	"AT5G51720"	0.249985599143654	0	0	81.2857142857143	0.258998268665894	0.0090126695222398	0.249985599143654	0.257031064590591
"130"	"AT3G16360"	0.245643638205584	0.000104922541816488	0.0043456597777686	5.21428571428571	0.34617549836165	0.100531860156066	0.245643638205584	0.335492180892649
"131"	"AT1G52000"	0.240751041872498	1.65307457083985e-05	0.000806385519223021	6.42857142857143	0.322811016144349	0.082059974271851	0.240751041872498	0.313886925902417
"132"	"AT4G34530"	0.240465088629192	0.000148684714373681	0.00593425797679477	5.14285714285714	0.342355175688509	0.101890087059317	0.240465088629192	0.331542503276341
"133"	"AT4G34810"	0.240465088629192	0.000148684714373681	0.00593425797679477	5.14285714285714	0.342355175688509	0.101890087059317	0.240465088629192	0.331542503276341
"134"	"ATMG00030"	0.237856482377531	0	0	34.5	0.255376213788312	0.0175197314107815	0.237856482377531	0.252598813342672
"135"	"AT1G66100"	0.236818838906863	0	0	201.928571428571	0.242083597474017	0.00526475856715416	0.236818838906863	0.240473337299198
"136"	"AT2G30540"	0.234240418121355	2.65843594404735e-06	0.000149085863927853	7.78571428571429	0.302473891734055	0.0682334736127004	0.234240418121355	0.294866611078708
"137"	"ATCG00800"	0.232587695521493	6.38537445141196e-10	6.28959383464078e-08	13.5714285714286	0.272900063924995	0.0403123684035015	0.232587695521493	0.267951936146714
"138"	"AT5G55450"	0.23165377134241	2.2570726398996e-09	2.14087519658625e-07	12.7142857142857	0.274499140551407	0.0428453692089969	0.23165377134241	0.269309774601174
"139"	"AT2G41480_3"	0.230959675903006	6.44864705223736e-06	0.00034287166299197	7.35714285714286	0.303008331097689	0.0720486551946837	0.230959675903006	0.295037699815487
"140"	"AT4G35770"	0.22984544859461	0	0	160.357142857143	0.235764856172493	0.00591940757788348	0.22984544859461	0.234092248472843
"141"	"AT1G19394"	0.229248105831531	9.67208151347876e-08	6.91261416447045e-06	10.2142857142857	0.28190959121567	0.0526614853841392	0.229248105831531	0.275785357058281
"142"	"AT2G04040"	0.227961020472509	8.14755673960166e-05	0.00346801542550468	5.85714285714286	0.317759575344346	0.0897985548718378	0.227961020472509	0.308098477426224
"143"	"AT2G01010"	0.22726989796188	0	0	3681.14285714286	0.230147942517495	0.00287804455561561	0.22726989796188	0.228764988439013
"144"	"AT5G05250"	0.221195526006902	1.4432899320127e-14	1.99798135993759e-12	24.6428571428571	0.244627340733201	0.0234318147262993	0.221195526006902	0.241286884733701
"145"	"AT5G38940"	0.219703505404088	4.73688865909594e-11	5.1622007897637e-09	16.9285714285714	0.25256471883615	0.0328612134320619	0.219703505404088	0.248326224864673
"146"	"AT3G03820"	0.218184362126418	3.65323354012403e-07	2.41963735248043e-05	9.92857142857143	0.272282450741123	0.0540980886147047	0.218184362126418	0.266021397228442
"147"	"AT2G27550_1"	0.217850965986578	0	0	36.7857142857143	0.234452315523104	0.0166013495365263	0.217850965986578	0.231762380017869
"148"	"AT1G08115"	0.215437869190395	4.44089209850063e-16	6.75631168173868e-14	29.9285714285714	0.235215198048629	0.0197773288582346	0.215437869190395	0.232222788322279
"149"	"AT1G52400"	0.215071571308236	1.16018306073329e-13	1.52370708642972e-11	23.5	0.23950969808824	0.0244381267800045	0.215071571308236	0.236073402845531
"150"	"AT3G12900"	0.214502227718251	3.36421054347724e-07	2.24758518309006e-05	10.2142857142857	0.26716371310239	0.0526614853841392	0.214502227718251	0.261039478945001
"151"	"AT4G33310"	0.207359823517843	0.000163267643763843	0.00646590364452372	6.07142857142857	0.294085706680862	0.0867258831630195	0.207359823517843	0.28471724416358
"152"	"ATCG00840"	0.205579837843524	5.92667026566573e-11	6.36847659456082e-09	18.5	0.235882452098668	0.0303026142551443	0.205579837843524	0.231887634239279
"153"	"AT5G18404"	0.202705525227627	9.02014419601471e-07	5.50014030618897e-05	10.2142857142857	0.255367010611766	0.0526614853841392	0.202705525227627	0.249242776454377
"154"	"AT3G56980"	0.199252806771754	2.66097588408343e-10	2.7441983513306e-08	17.8571428571429	0.230547692307692	0.031294885535938	0.199252806771754	0.226458372421561
"155"	"AT3G08770"	0.19872354608481	0	0	121.071428571429	0.205674774577586	0.00695122849277617	0.19872354608481	0.203903898219375
"156"	"AT4G22217"	0.19464235723503	0.00017596731832159	0.00693311234187066	6.5	0.275830678197542	0.0811883209625119	0.19464235723503	0.266989602556499
"157"	"AT1G19070"	0.187516592017881	1.2786352484917e-05	0.000639771824113217	9	0.246913580246914	0.0593969882290327	0.187516592017881	0.240147869628106
"158"	"AT1G67148"	0.18735708776915	1.0068634814786e-09	9.79206598506343e-08	18.1428571428571	0.218202282558411	0.0308451947892616	0.18735708776915	0.214155790362439
"159"	"AT1G15825"	0.185163716231203	7.42043246182433e-07	4.57921145415232e-05	11.7142857142857	0.231432755228115	0.0462690389969123	0.185163716231203	0.225917325488557
"160"	"AT5G64120"	0.174612620357857	0	0	58.9285714285714	0.186005283605284	0.0113926632474266	0.174612620357857	0.183811413460915
"161"	"AT5G02760"	0.174168794632014	2.37874041575381e-08	1.83677011198357e-06	16.5	0.207812389630571	0.0336435949985574	0.174168794632014	0.203499383128952
"162"	"AT1G52060"	0.17405246494633	1.75526260193237e-11	2.04328523797673e-09	26	0.196404187528448	0.0223517225821182	0.17405246494633	0.193166597447442
"163"	"AT5G09670"	0.173691640268715	3.80400186350549e-07	2.47679206078921e-05	13.5	0.214202806795399	0.0405111665266841	0.173691640268715	0.20923574586253
"164"	"AT2G18193"	0.16909775170951	0.000134907069619383	0.00545521587308275	8	0.235576923076923	0.0664791713674134	0.16909775170951	0.228136718825889
"165"	"AT4G30140"	0.167394440810745	2.33146835171283e-15	3.41193739927803e-13	46.4285714285714	0.181116795630405	0.0137223548196604	0.167394440810745	0.178701050098205
"166"	"AT4G39675"	0.166502168080645	1.25803339701136e-06	7.46368385269365e-05	13	0.208466090122895	0.0419639220422494	0.166502168080645	0.203360671521876
"167"	"AT2G05510"	0.1643286046332	1.34622313296973e-11	1.57908890543609e-09	29.2857142857143	0.184479934105157	0.0201513294719571	0.1643286046332	0.181451905272738
"168"	"AT1G25098"	0.164034786868999	2.34660357811833e-09	2.21214175345806e-07	21.2142857142857	0.19081081033943	0.0267760234704306	0.164034786868999	0.187151858269061
"169"	"ATCG00920"	0.163440597855818	0	0	1261.57142857143	0.166584313062704	0.00314371520688602	0.163440597855818	0.165176057017435
"170"	"AT5G56080"	0.162970450038229	8.8850779289551e-08	6.3798181054357e-06	16.5714285714286	0.196480837830422	0.0335103877921928	0.162970450038229	0.192180517729409
"171"	"AT3G45140"	0.162932842897117	8.51677373070459e-09	7.11243180141341e-07	19.6428571428571	0.191631786395423	0.0286989434983061	0.162932842897117	0.187789699084304
"172"	"AT4G12545"	0.162365501241786	0	0	67.6428571428571	0.172643398813074	0.0102778975712876	0.162365501241786	0.170555696828337
"173"	"AT1G56430"	0.159526074180427	1.84657844570779e-11	2.12219960013154e-09	30.3571428571429	0.17906286931062	0.0195367951301934	0.159526074180427	0.176093367558369
"174"	"AT4G12550"	0.156722761066096	1.18043352870245e-11	1.3952724309263e-09	32.2857142857143	0.175256179328542	0.0185334182624466	0.156722761066096	0.172382237277981
"175"	"AT2G38530"	0.156405427320976	0	0	127.071428571429	0.163157789455603	0.00675236213462761	0.156405427320976	0.161405852750549
"176"	"AT5G23940"	0.153257095600698	7.65567009786139e-09	6.42825282643378e-07	21.8571428571429	0.179326163178528	0.0260690675778293	0.153257095600698	0.175734540240787
"177"	"AT5G54510_4"	0.153092791993619	1.11123332757757e-11	1.32365979159356e-09	33.9285714285714	0.170861453228212	0.0177686612345928	0.153092791993619	0.168060345180304
"178"	"AT1G62500"	0.151620628309879	4.82380346777944e-09	4.14092536792731e-07	23	0.176530463865057	0.0249098355551788	0.151620628309879	0.173049243977093
"179"	"ATCG00790"	0.150613940487877	3.10626955268845e-08	2.36291772012924e-06	20.2857142857143	0.178490226298201	0.0278762858103241	0.150613940487877	0.174726487338318
"180"	"AT3G28220"	0.149978172198294	1.92656890440901e-10	2.00024714764519e-08	29.2857142857143	0.170129501670251	0.0201513294719571	0.149978172198294	0.167101472837832
"181"	"AT1G55990"	0.149974340611929	1.62199158323384e-05	0.000793742760126471	11.8571428571429	0.195718927610349	0.0457445869984193	0.149974340611929	0.190253445680171
"182"	"AT3G48450"	0.149598936393948	2.59745346298246e-06	0.00014619952348787	14.2142857142857	0.188212030387733	0.0386130939937848	0.149598936393948	0.183425738267521
"183"	"AT5G03545"	0.148893721321816	3.39728245535298e-14	4.53936019208295e-12	52.2142857142857	0.161399100262528	0.0125053789407116	0.148893721321816	0.159099257194989
"184"	"AT1G26250"	0.148854175556674	0.00023811508883087	0.00910168272381879	8.78571428571429	0.209633053178562	0.0607788776218875	0.148854175556674	0.202735734046149
"185"	"AT1G52070"	0.148265908056974	1.48769885299771e-14	2.04106969421097e-12	55.7142857142857	0.160157790927022	0.0118918828700482	0.148265908056974	0.157916376056689
"186"	"AT5G08210"	0.148029724383933	5.18734945331722e-07	3.29375254957324e-05	16.6428571428571	0.181408048379258	0.033378323995325	0.148029724383933	0.177120305782709
"187"	"AT3G61198"	0.144654604204121	0.000137536597516363	0.00554694844471507	9.78571428571429	0.199502452899011	0.0548478486948903	0.144654604204121	0.193169993664408
"188"	"ATCG00950"	0.144271947574258	0	0	1233.64285714286	0.147424813328605	0.00315286575434682	0.144271947574258	0.146015685802625
"189"	"AT5G54510_1"	0.143531136429443	4.27909818689898e-09	3.73594447385737e-07	25.5	0.166267411942152	0.022736275512709	0.143531136429443	0.162993197772519
"190"	"AT5G25980"	0.142398786686685	0	0	248.071428571429	0.147193835464729	0.00479504877804445	0.142398786686685	0.14562830955554
"191"	"AT3G20380"	0.139645130540962	0.00012766709049461	0.00518976855169358	10.3571428571429	0.191618037135279	0.0519729065943164	0.139645130540962	0.185559381910254
"192"	"AT5G64570"	0.139217572090475	7.6981676588872e-10	7.5343977227045e-08	30.5714285714286	0.15863662933276	0.0194190572422855	0.139217572090475	0.15567834071269
"193"	"AT4G33610"	0.139192199942275	1.83778566683612e-05	0.000886460758707454	13	0.181156121984524	0.0419639220422494	0.139192199942275	0.176050703383506
"194"	"AT1G21400"	0.138972324915453	3.37099093083992e-09	2.99414142446741e-07	27.5	0.160254291163382	0.0212819662479292	0.138972324915453	0.157118582638013
"195"	"AT5G01600"	0.138743717272849	1.11022302462516e-16	1.75873061818455e-14	100.642857142857	0.14654984124898	0.00780612397613013	0.138743717272849	0.144697546273306
"196"	"AT5G54510_2"	0.138472049325613	1.72487828464796e-08	1.35920408830259e-06	24.4285714285714	0.162085375381774	0.0236133260561617	0.138472049325613	0.158727632588955
"197"	"AT5G64572"	0.138261271095043	1.11022302462516e-16	1.75873061818455e-14	99.8571428571429	0.146107261029253	0.00784598993420994	0.138261271095043	0.144251169295666
"198"	"AT1G09530"	0.138200310053775	1.34754808540638e-05	0.000663667432062642	13.5714285714286	0.178512678457277	0.0403123684035015	0.138200310053775	0.173564550678996
"199"	"AT5G15960"	0.1381277576556	2.32267911459694e-07	1.57921625110162e-05	19.8571428571429	0.166546563523946	0.0284188058683458	0.1381277576556	0.162731155987108
"200"	"AT4G38080"	0.135731838576893	0	0	160.642857142857	0.141645590513236	0.00591375193634343	0.135731838576893	0.139973521446113
"201"	"AT1G06360"	0.134414160660989	2.19968487868982e-12	2.72583531015708e-10	50.3571428571429	0.147279698823384	0.0128655381623951	0.134414160660989	0.14494555487759
"202"	"AT5G34871"	0.133470755853727	1.07531503146241e-07	7.64967165437564e-06	22.4285714285714	0.158945440133318	0.0254746842795913	0.133470755853727	0.155410425128743
"203"	"AT2G27550_3"	0.133177242147162	5.77288459258085e-08	4.28532099756509e-06	23.7142857142857	0.157419297207365	0.0242420550602031	0.133177242147162	0.15400167546178
"204"	"AT4G14630"	0.132844765592344	1.53883985443137e-07	1.06512672086453e-05	21.9285714285714	0.158837841168688	0.0259930755763445	0.132844765592344	0.155253455564423
"205"	"AT5G09530"	0.132684826712637	3.57961771335624e-10	3.64267587969749e-08	35.5714285714286	0.149759371126768	0.017074544414131	0.132684826712637	0.147024369442714
"206"	"AT1G62380"	0.13091415166672	0	0	394	0.134947880844451	0.00403372917773163	0.13091415166672	0.133454861563863
"207"	"AT5G08760"	0.129868665099997	1.88037119264184e-06	0.000108216418524848	18.1428571428571	0.160713859889258	0.0308451947892616	0.129868665099997	0.156667367693286
"208"	"AT1G56320"	0.129005049461718	3.20540249361123e-05	0.00149255196111607	13.6428571428571	0.169120701397777	0.040115651936059	0.129005049461718	0.164191308521158
"209"	"AT4G19690_4"	0.128637132277208	0	0	147.857142857143	0.134825370666581	0.00618823838937232	0.128637132277208	0.133127160032503
"210"	"AT4G34770"	0.12842013911323	0.000152962882585816	0.00608919081298875	11.3571428571429	0.176058030810612	0.0476378916973817	0.12842013911323	0.1704122341472
"211"	"AT4G31940"	0.128355935054817	4.21884749357559e-15	6.05858042862454e-13	94.9285714285714	0.136467046290791	0.00811111123597321	0.128355935054817	0.134585704909418
"212"	"AT4G13493"	0.127555962424999	4.16041894379937e-07	2.6860923315303e-05	21.5	0.154012563963889	0.0264566015388898	0.127555962424999	0.150384033029857
"213"	"AT4G20390"	0.127122028786151	3.82894826955749e-11	4.23277835323887e-09	46.3571428571429	0.140861306304883	0.0137392775187323	0.127122028786151	0.138443949087057
"214"	"AT5G47500_3"	0.126929452414384	3.49442697000768e-11	3.91936969497358e-09	46.8571428571429	0.140551354505102	0.0136219020907183	0.126929452414384	0.138145175899468
"215"	"AT5G09520"	0.126457914929292	3.29878518200433e-05	0.00152340760458723	14	0.165620094191523	0.0391621792622306	0.126457914929292	0.16078150823622
"216"	"ATCG00900"	0.125867348123386	0.000142809702260105	0.00574453896578213	11.7857142857143	0.171872571872572	0.0460052237491855	0.125867348123386	0.166382267394702
"217"	"AT3G22235"	0.124682572696887	7.08370586222085e-06	0.000370232055370359	16.9285714285714	0.157543786128949	0.0328612134320619	0.124682572696887	0.153305292157472
"218"	"AT3G06390"	0.12416426326271	4.2034469238672e-09	3.69086659612248e-07	33.5	0.142125194920918	0.0179609316582082	0.12416426326271	0.139305775404094
"219"	"AT5G47500_2"	0.123928196022811	5.71986902286881e-12	6.9755164607462e-10	57.5	0.135535844118075	0.0116076480952637	0.123928196022811	0.133321499226293
"220"	"AT5G48485"	0.122433540779253	3.30846461338297e-14	4.45946203940725e-12	93.4285714285714	0.130630893108799	0.00819735232954638	0.122433540779253	0.128741338289943
"221"	"AT4G14130"	0.122329748614115	4.45737780019329e-10	4.47660570442941e-08	41.5714285714286	0.137335320882988	0.0150055722688731	0.122329748614115	0.134797364165148
"222"	"AT3G04290"	0.122138195087351	8.24043056013579e-11	8.73258317152045e-09	47.9285714285714	0.135516824920944	0.0133786298335931	0.122138195087351	0.133133815101702
"223"	"AT3G57157"	0.121952024948494	1.5667017239096e-08	1.24092467472139e-06	31.0714285714286	0.14110267589459	0.0191506509460967	0.121952024948494	0.13816994977892
"224"	"AT1G52100_1"	0.121078174251168	1.14019904629004e-13	1.51037056424937e-11	86.5714285714286	0.129707829884283	0.00862965563311545	0.121078174251168	0.12777710332223
"225"	"AT2G33790"	0.120650048606337	2.13378781663831e-05	0.00101196862933532	15.7857142857143	0.155692017897951	0.0350419692916148	0.120650048606337	0.151245832892232
"226"	"AT2G23540"	0.120129138373942	5.35251065691966e-10	5.34069342559919e-08	42.6428571428571	0.134826518453195	0.0146973800792529	0.120129138373942	0.132317913372461
"227"	"AT4G17460_4"	0.119136711430718	3.70586507703052e-07	2.42316267121919e-05	24.4285714285714	0.14275003748688	0.0236133260561617	0.119136711430718	0.13939229469406
"228"	"AT5G07475"	0.117099247985019	2.71241726200744e-05	0.00127593890111379	16.0714285714286	0.151566951566952	0.0344677035819326	0.117099247985019	0.147175458533582
"229"	"AT5G64100_2"	0.116692177158984	1.43218770176645e-14	1.99798135993759e-12	123.5	0.123560584377841	0.00686840721885666	0.116692177158984	0.121797595760003
"230"	"ATCG00780"	0.116513092504691	6.78306090995395e-06	0.000358173587430764	18.9285714285714	0.146191636771914	0.0296785442672238	0.116513092504691	0.14225625414947
"231"	"AT3G54580"	0.116477841334843	3.4364061474168e-06	0.000190627497693887	20.3571428571429	0.144265927977839	0.0277880866429966	0.116477841334843	0.140510588938654
"232"	"ATCG00810"	0.116240298505557	0.000154255088026356	0.00612476403775966	13.0714285714286	0.1579898795701	0.041749581064543	0.116240298505557	0.15290487439553
"233"	"AT1G65510"	0.116067922590873	0.000208560173559191	0.00811325475167224	12.5714285714286	0.159369040050858	0.0433011174599856	0.116067922590873	0.154136269505293
"234"	"AT5G58860"	0.115928825262972	1.08726080361166e-08	8.98217715499823e-07	35.5	0.133032212778295	0.0171033875153225	0.115928825262972	0.130294464132222
"235"	"AT3G28550"	0.114829310258734	2.38891592951873e-07	1.61709613096849e-05	27.2142857142857	0.136305947825571	0.0214766375668367	0.114829310258734	0.133151699174592
"236"	"AT5G57625"	0.114343766936458	1.22294698312597e-06	7.28364470647817e-05	23.3571428571429	0.138914606888683	0.0245708399522248	0.114343766936458	0.135465672296238
"237"	"AT2G33830"	0.113415333448275	5.71653835379493e-13	7.32002736203441e-11	93.2857142857143	0.121621043862366	0.00820571041409088	0.113415333448275	0.119730693035458
"238"	"AT5G54370"	0.113041932075583	3.68921873827865e-07	2.42258697146965e-05	26.8571428571429	0.134767733398335	0.0217258013227523	0.113041932075583	0.131589754865841
"239"	"AT2G44080"	0.112486924069827	3.92723186947164e-05	0.00179600728887801	16.3571428571429	0.146400423626258	0.0339134995564313	0.112486924069827	0.142061711928651
"240"	"AT4G36850"	0.112393291422804	2.22044604925031e-16	3.41193739927803e-14	290.571428571429	0.11688769178262	0.00449440035981578	0.112393291422804	0.115350799056119
"241"	"AT1G74460"	0.112186593220668	7.77548387898008e-07	4.77912341137632e-05	25.2857142857143	0.135092332736688	0.0229057395160202	0.112186593220668	0.131801979138167
"242"	"AT2G35380"	0.111455017783008	2.53250786697023e-06	0.000143068073102443	22.6428571428571	0.136714542808742	0.0252595250257338	0.111455017783008	0.133200019161678
"243"	"AT4G37483"	0.111404196585703	3.02162934581185e-05	0.00141555965023612	17.1428571428571	0.143888888888889	0.032484692303186	0.111404196585703	0.139686254072543
"244"	"AT2G16060"	0.110032726608555	2.69308023370662e-06	0.000150479530440494	23	0.134942562163734	0.0249098355551788	0.110032726608555	0.13146134227577
"245"	"AT1G23720"	0.107930418233471	4.11008533407475e-06	0.000223955926395009	22.7142857142857	0.133119125643156	0.0251887074096843	0.107930418233471	0.129611346530953
"246"	"AT5G09480"	0.106387266007018	2.37324526697336e-09	2.22361504709223e-07	49.6428571428571	0.119398502227548	0.0130112362205305	0.106387266007018	0.117050482276217
"247"	"AT5G45950"	0.104932506505684	5.17312482073429e-07	3.29375254957324e-05	29.8571428571429	0.124750595664723	0.019818089159039	0.104932506505684	0.121754304004963
"248"	"AT3G52790"	0.104662543307581	8.81381567878758e-05	0.0037302500916232	16.5	0.138306138306138	0.0336435949985574	0.104662543307581	0.133993131804519
"249"	"AT1G42430"	0.104265043363708	2.78486088634011e-08	2.13960861897511e-06	40.7857142857143	0.119506914302661	0.0152418709389532	0.104265043363708	0.116946452949575
"250"	"AT2G47200"	0.104083534285937	5.67021556386882e-05	0.00251090871338352	17.6428571428571	0.135725246086013	0.0316417118000751	0.104083534285937	0.131602895127106
"251"	"AT4G17460_1"	0.103363969396023	3.20842119538867e-09	2.86631395862455e-07	51.7857142857143	0.115950169212476	0.0125861998164528	0.103363969396023	0.113642628918676
"252"	"AT5G42530"	0.103301567332509	3.12749826036907e-13	4.07263883634162e-11	150.785714285714	0.109422824515835	0.00612125718332647	0.103301567332509	0.107730993044238
"253"	"AT4G00080"	0.101845116322887	2.00228723246099e-05	0.000958478056510764	20.8571428571429	0.129032723703394	0.0271876073805067	0.101845116322887	0.125334573165398
"254"	"AT1G58290_6"	0.101160506459086	5.82311976415895e-13	7.39488085091458e-11	153.857142857143	0.10721425455948	0.0060537481003935	0.101160506459086	0.105528852524353
"255"	"AT1G21100"	0.10015287950026	4.23614243605375e-06	0.00023000906244665	25.8571428571429	0.122612956775528	0.0224600772752681	0.10015287950026	0.119365047199936
"256"	"AT1G06830"	0.0992360296726404	1.33268831379318e-05	0.000658459441470935	22.9285714285714	0.124214931621692	0.0249789019490516	0.0992360296726404	0.120727133981931
"257"	"AT5G24420"	0.098960186468617	7.74734383016673e-05	0.00332529847190899	18.3571428571429	0.129477299487443	0.0305171130188265	0.098960186468617	0.12546205317437
"258"	"AT3G50480"	0.0989099110876484	6.76302759915481e-05	0.00295229210479014	18.7142857142857	0.128896917429054	0.0299870063414059	0.0989099110876484	0.124932157466211
"259"	"AT1G73830"	0.0974283202241648	4.01462299910449e-05	0.00181437344130116	20.5714285714286	0.124955484330484	0.0275271641063195	0.0974283202241648	0.121224995056697
"260"	"AT5G26270"	0.0971368800317234	0.000124156873721248	0.00507392160000187	17.7142857142857	0.128662050748419	0.0315251707166957	0.0971368800317234	0.124550798940311
"261"	"AT5G64100_1"	0.096826442869338	1.49580348107747e-12	1.86865986099483e-10	169.357142857143	0.102576864600978	0.00575042173164014	0.096826442869338	0.100920350791446
"262"	"AT4G02270"	0.0964952731974873	2.62971582287719e-07	1.7645508006258e-05	38.1428571428571	0.112603411681811	0.0161081384843236	0.0964952731974873	0.109960448657738
"263"	"AT2G22510"	0.0963113480639423	1.49912287028542e-07	1.04233131333963e-05	40.7857142857143	0.111553219002896	0.0152418709389532	0.0963113480639423	0.10899275764981
"264"	"AT4G12480"	0.0962805300081918	1.39699702916829e-08	1.11803418490625e-06	53.1428571428571	0.108615268995082	0.0123347389868898	0.0962805300081918	0.106331677351717
"265"	"ATCG00480"	0.0950099031800259	9.13065942631519e-07	5.54552224287586e-05	34.2142857142857	0.112653060129753	0.0176431569497276	0.0950099031800259	0.10986390487088
"266"	"AT1G49860"	0.0946671261291613	3.89971519521026e-08	2.92764737098364e-06	49.4285714285714	0.107722892897807	0.0130557667686456	0.0946671261291613	0.105370631941894
"267"	"AT5G54510_3"	0.0945864387396564	6.5659434732579e-06	0.000347904439345106	27.2857142857143	0.116014026268679	0.021427587529023	0.0945864387396564	0.112864449049873
"268"	"AT2G16586"	0.0945245711333677	5.22941545622047e-09	4.46417766112687e-07	62.5	0.105422769230769	0.0108981980974015	0.0945245711333677	0.103275991005451
"269"	"AT5G63660"	0.0942434928254995	2.13094146772619e-08	1.66213434482643e-06	53.5714285714286	0.10650147008547	0.0122579772599706	0.0942434928254995	0.104225189082764
"270"	"AT2G45220"	0.0934104278235655	1.93408292159525e-06	0.000110479993209043	32.4285714285714	0.111874269455437	0.0184638416318719	0.0934104278235655	0.109006953750645
"271"	"AT1G02920"	0.0930179845848008	8.63536325923508e-06	0.000442303306138021	27.2142857142857	0.114494622151637	0.0214766375668367	0.0930179845848008	0.111340373500658
"272"	"AT1G05240"	0.0925473167405966	2.37786583756616e-08	1.83677011198357e-06	55.5	0.104474536906969	0.0119272201663727	0.0925473167405966	0.102229756579844
"273"	"AT2G02120"	0.0921127447971494	3.88721188571139e-07	2.52029104792579e-05	40.4285714285714	0.107465060504804	0.0153523157076544	0.0921127447971494	0.104894080602318
"274"	"AT4G27450"	0.0920628606865347	6.1286220542911e-10	6.07563912814432e-08	88.5714285714286	0.100559513327463	0.00849665264092868	0.0920628606865347	0.0986414537170469
"275"	"AT3G30720"	0.0910756644370722	0.000214101487738483	0.00830778651664022	18.1428571428571	0.121920859226334	0.0308451947892616	0.0910756644370722	0.117874367030362
"276"	"AT1G14890"	0.0889932068550459	4.40281327563907e-05	0.00197817628051082	23.7857142857143	0.113170689747266	0.0241774828922205	0.0889932068550459	0.109759217731965
"277"	"AT4G27260"	0.0882497487382995	0.000126546274178851	0.00515785158894491	20.7142857142857	0.115605963596451	0.0273562148581516	0.0882497487382995	0.111891755203442
"278"	"AT2G05380"	0.0880325215510359	4.26991775270835e-13	5.51357615026189e-11	588.285714285714	0.0916388295933103	0.00360630804227442	0.0880325215510359	0.0901865170875276
"279"	"AT4G18970"	0.0875598161818276	5.49190908749608e-07	3.47278498100678e-05	43.5714285714286	0.102002356686581	0.0144425405047538	0.0875598161818276	0.0995180220415149
"280"	"AT5G01215"	0.0862490442244788	9.11695685054115e-05	0.00382762729413703	22.6428571428571	0.111508569250213	0.0252595250257338	0.0862490442244788	0.107994045603148
"281"	"AT3G49780"	0.0861235298656863	1.75786818434887e-09	1.67772686464004e-07	98.2142857142857	0.0940549370629371	0.00793140719725076	0.0861235298656863	0.0921907103519185
"282"	"AT4G19690_1"	0.0860961831330704	2.06401562508063e-11	2.34930845148066e-09	218.357142857143	0.0911709501554459	0.00507476702237547	0.0860961831330704	0.0895787844134631
"283"	"AT5G01015"	0.0858450680352983	0.000225535318257419	0.00866393925085876	19.8571428571429	0.114263873903644	0.0284188058683458	0.0858450680352983	0.110448466366807
"284"	"AT1G58290_2"	0.0857985344566296	1.85067516866866e-11	2.12219960013154e-09	229.857142857143	0.0907564667158098	0.00495793225918014	0.0857985344566296	0.0891754280941312
"285"	"AT5G45070"	0.0856899617644389	3.10711675386433e-05	0.00145118407416046	26.7857142857143	0.107466393162393	0.0217764313979543	0.0856899617644389	0.104283592717974
"286"	"AT1G73260"	0.0852679249387689	2.93917457039328e-09	2.64113195606217e-07	94.5714285714286	0.0933993216283447	0.00813139668957588	0.0852679249387689	0.0915160482990095
"287"	"AT5G44550"	0.0847578642517016	3.7979561828827e-08	2.87484702986087e-06	67.2142857142857	0.0950838279725066	0.010325963720805	0.0847578642517016	0.0929915482592447
"288"	"AT5G50560"	0.0845435161591656	6.83594807715515e-05	0.00297567076922283	24.5	0.108095985647006	0.0235524694878405	0.0845435161591656	0.104744038717836
"289"	"AT1G16400"	0.0837080786049683	8.8474364277058e-06	0.000450164596516978	33.4285714285714	0.101701534640391	0.0179934560354223	0.0837080786049683	0.0988790175638319
"290"	"AT1G01580"	0.0832508135560281	1.22925746248725e-08	1.00472181747761e-06	83.5714285714286	0.0920919098433891	0.00884109628736109	0.0832508135560281	0.0901410460761696
"291"	"AT5G64100_4"	0.0831181410396425	8.32432112130022e-08	6.00523560328165e-06	64	0.0938251201923077	0.0107069791526652	0.0831181410396425	0.0916965532950592
"292"	"AT5G37690"	0.0823261258690945	2.46295567730703e-05	0.00116448544423077	29.9285714285714	0.102103454727329	0.0197773288582346	0.0823261258690945	0.0991110450009787
"293"	"AT5G22580"	0.0822439715208173	1.15847408910241e-06	6.98082856986183e-05	45.9285714285714	0.0960858906046825	0.0138419190838653	0.0822439715208173	0.0936587579997006
"294"	"AT3G62680"	0.0820909214400978	0.000171054764593892	0.00675688306619472	22.4285714285714	0.107565605719689	0.0254746842795913	0.0820909214400978	0.104030590715114
"295"	"AT2G48140"	0.0814548573216182	3.30141046679389e-05	0.00152340760458723	29.2857142857143	0.101606186793575	0.0201513294719571	0.0814548573216182	0.0985781579611561
"296"	"AT2G39530"	0.0809936615181828	1.20979269441213e-05	0.000607505703997932	34.2857142857143	0.0986057692307692	0.0176121077125864	0.0809936615181828	0.0958195710420996
"297"	"AT1G52100_3"	0.0807426336364067	2.10406113643202e-08	1.64954099093951e-06	85.9285714285714	0.0894163550987824	0.00867372146237576	0.0807426336364067	0.0874814317910853
"298"	"AT5G47500_1"	0.0805032908219792	3.09063010739408e-08	2.36271752389141e-06	81.8571428571429	0.0894721687463114	0.00896887792433227	0.0805032908219792	0.0875091352993803
"299"	"AT1G80240"	0.0800106967605586	1.21694296084662e-06	7.27608775734211e-05	48.8571428571429	0.0931871213496329	0.0131764245890743	0.0800106967605586	0.0908233691727264
"300"	"AT5G23020"	0.0795112794161443	1.30582534119128e-07	9.20427164804826e-06	68.6428571428571	0.0896793567561206	0.0101680773399763	0.0795112794161443	0.0876021138410329
"301"	"AT3G21870"	0.0791240687725707	8.14589790065767e-08	5.90423901610876e-06	74.8571428571429	0.0886754626994123	0.00955139392684167	0.0791240687725707	0.0866569515379565
"302"	"AT4G30460"	0.0786840865214823	7.6437613147684e-05	0.00329002902976838	27.5714285714286	0.0999180153519867	0.0212339288305045	0.0786840865214823	0.0967868818187535
"303"	"AT3G19390"	0.0786412369050032	3.95911052226694e-05	0.00180521342092444	30.5714285714286	0.0980602941472886	0.0194190572422855	0.0786412369050032	0.0951020055272191
"304"	"AT4G17215"	0.0784236661104374	2.1280808912949e-05	0.00101196862933532	33.7857142857143	0.0962558754977261	0.0178322093872888	0.0784236661104374	0.0934487152447992
"305"	"AT3G56705"	0.0783554079426187	1.87448723133476e-05	0.000900105337396562	34.5	0.0958751393534002	0.0175197314107815	0.0783554079426187	0.0930977389077597
"306"	"AT5G64100_3"	0.0783084344423415	4.64070504246905e-09	4.00612773497637e-07	125.857142857143	0.0850995129579083	0.00679107851556682	0.0783084344423415	0.0833438889784787
"307"	"AT4G15620"	0.0774944631575202	8.91031049413682e-05	0.00375111865898374	27.7142857142857	0.0986330599998365	0.0211385968423162	0.0774944631575202	0.0955110057035736
"308"	"AT5G47450"	0.0772597032759187	2.08131724833693e-05	0.000993214932855445	35	0.0945682888540031	0.0173085855780844	0.0772597032759187	0.0918109975352861
"309"	"AT3G01550"	0.0770230124239162	0.000107267686234924	0.00443084749109098	27.2142857142857	0.098499649990753	0.0214766375668367	0.0770230124239162	0.0953454013397738
"310"	"AT3G23190"	0.0764420171217625	0.000198186022300706	0.00776868984355267	24.9285714285714	0.0996366709127688	0.0231946537910063	0.0764420171217625	0.0963188016690116
"311"	"AT2G25510"	0.076265845797181	9.09439423768532e-09	7.55375469493366e-07	125.571428571429	0.0830661428688197	0.00680029707163867	0.076265845797181	0.0813096409316689
"312"	"AT5G59090"	0.0761822536424125	4.07942196256617e-06	0.000223076149027728	46.2857142857143	0.0899385060907695	0.0137562524483569	0.0761822536424125	0.0875195322129789
"313"	"AT4G19690_3"	0.0760878121380127	3.51693674183196e-10	3.60274999833265e-08	280.285714285714	0.0806466116625194	0.00455879952450675	0.0760878121380127	0.0791035856822384
"314"	"AT2G48130"	0.0758316884953208	1.28342127694303e-05	0.000639771824113217	39.2857142857143	0.0915509218054673	0.0157192333101465	0.0758316884953208	0.088944997369411
"315"	"AT3G13610"	0.0758275727967969	8.5970424502646e-06	0.000441813225052729	41.7857142857143	0.0907702422495322	0.0149426694527352	0.0758275727967969	0.0882382762760865
"316"	"AT1G73120"	0.0734786970669147	4.3110664338375e-07	2.77170907206473e-05	73.1428571428571	0.0831897442157452	0.00971104714883045	0.0734786970669147	0.0811560279855285
"317"	"AT3G50970"	0.0734391741100569	0.000100923773003525	0.00419133701614099	30.2142857142857	0.0930553889660574	0.0196162148560006	0.0734391741100569	0.090078323430396
"318"	"AT2G43590"	0.0730891991885926	1.47330671218526e-07	1.02903776997449e-05	89.7142857142857	0.0815125125999807	0.00842331341138802	0.0730891991885926	0.0796014376780919
"319"	"AT4G40090"	0.0725333562625263	6.92724779571829e-06	0.000363290408290127	48.2142857142857	0.0858489395378284	0.0133155832753021	0.0725333562625263	0.0834719341527097
"320"	"AT3G08520"	0.07238698663966	5.04076780316609e-11	5.45467873686269e-09	28984.6428571429	0.0751441024292012	0.00275711578954114	0.07238698663966	0.0737726653760597
"321"	"AT2G34430"	0.0723036127604453	1.67849623089467e-10	1.75454238666173e-08	863.071428571429	0.0756339527824974	0.00333034002205212	0.0723036127604453	0.0742079229453072
"322"	"AT1G52100_4"	0.0721698801434699	1.92271719279269e-06	0.000110240568598703	60.2857142857143	0.0833677452127173	0.0111978650692473	0.0721698801434699	0.0811924272757942
"323"	"AT3G22620"	0.0717767740789772	2.19527155898014e-07	1.49922412334617e-05	89.3571428571429	0.0802228044779327	0.00844603039895557	0.0717767740789772	0.0783095660334185
"324"	"AT3G14210_2"	0.0717003277079748	2.44853870512429e-09	2.25294884688263e-07	255.142857142857	0.0764384064300423	0.00473807872206749	0.0717003277079748	0.0748783062404697
"325"	"AT4G19690_2"	0.0713163464065458	2.76350431427375e-09	2.51266315343967e-07	256.928571428571	0.0760405346949179	0.00472418828837218	0.0713163464065458	0.0744817574037925
"326"	"AT4G13235"	0.0712716722845664	0.000113360920023342	0.0046574970510125	31.5	0.090199042579995	0.0189273702954286	0.0712716722845664	0.0872875812881975
"327"	"AT4G26010"	0.0709944714894254	0.00020843007600968	0.00811325475167224	28.5	0.0916258256978479	0.0206313542084224	0.0709944714894254	0.0885520802238605
"328"	"AT2G01020"	0.0709240208013989	1.41429867817067e-10	1.48850092388839e-08	2436.71428571429	0.0738728081727699	0.00294878737137099	0.0709240208013989	0.0724831166832636
"329"	"AT2G15960"	0.0703108203724354	4.59232364358186e-08	3.42551675278053e-06	133.785714285714	0.0768617906932946	0.0065509703208592	0.0703108203724354	0.07512903416098
"330"	"AT5G41010"	0.0695791377461664	1.7119218655659e-05	0.00083244909450271	46.0714285714286	0.0833866307960413	0.0138074930498749	0.0695791377461664	0.0809627768609633
"331"	"AT2G36100"	0.0692033462939628	7.36291056457894e-07	4.56203563448871e-05	81.6428571428571	0.0781885742308997	0.00898522793693686	0.0692033462939628	0.076223983639911
"332"	"AT3G53980"	0.0691696201024496	2.00682182593948e-06	0.000113789019104745	68.0714285714286	0.0794000567642978	0.0102304366618482	0.0691696201024496	0.0773168748661747
"333"	"AT5G13740"	0.0691208083182331	3.79753217203405e-05	0.00174187699568583	40.7857142857143	0.0843626792571864	0.0152418709389532	0.0691208083182331	0.0818022179041009
"334"	"AT4G28780"	0.0689590667597362	0.000130600642557877	0.00529501180354705	32.9285714285714	0.0871841443361434	0.0182250775764073	0.0689590667597362	0.0843395680652052
"335"	"AT4G25820"	0.0683820860336394	0.000207440233812806	0.00811075479075718	30.7857142857143	0.08768504443054	0.0193029583969005	0.0683820860336394	0.0847378128433643
"336"	"AT4G15160"	0.0680702875521036	0.000253573451861278	0.00962076459580343	29.9285714285714	0.0878476164103382	0.0197773288582346	0.0680702875521036	0.0848552066839878
"337"	"AT1G47600"	0.0679454171923155	3.79455173508125e-05	0.00174187699568583	42.5	0.0826829917487357	0.0147375745564202	0.0679454171923155	0.0801705586225581
"338"	"AT1G21460"	0.0676037794019753	5.57665433300603e-05	0.00248379334727451	40.1428571428571	0.083045865875364	0.0154420864733887	0.0676037794019753	0.0804663363761418
"339"	"AT1G25560"	0.0674347131504404	3.2547752533918e-05	0.00151096303757155	44.5	0.0816330494401445	0.0141983362897041	0.0674347131504404	0.0791719723393685
"340"	"AT3G13435"	0.0673517898064134	6.08908939734309e-05	0.00268094405958665	39.8571428571429	0.0828849340816042	0.0155331442751908	0.0673517898064134	0.0802967324107818
"341"	"AT3G14210_1"	0.0673492569679644	1.44590350803497e-08	1.15117892769251e-06	240.642857142857	0.0722077591945782	0.00485850222661375	0.0673492569679644	0.0706361900998107
"342"	"AT3G19710"	0.0653566475449753	1.55935920287398e-07	1.07448939512832e-05	146.857142857143	0.0715683694040671	0.00621172185909187	0.0653566475449753	0.0698679222490637
"343"	"AT4G16690"	0.0645501986623605	4.69176193141907e-05	0.00209574458831934	46.4285714285714	0.0782725534820209	0.0137223548196604	0.0645501986623605	0.0758568079498205
"344"	"AT1G72970"	0.0641302947761107	5.63739037422462e-05	0.00250358787544322	45.5714285714286	0.078059223232718	0.0139289284566073	0.0641302947761107	0.0756238040208083
"345"	"AT3G10020"	0.0637665824454375	0.000220775329048961	0.0085237027793124	35.3571428571429	0.0809280057764906	0.0171614233310531	0.0637665824454375	0.0781847299098718
"346"	"AT2G05540"	0.0626236972641657	2.55312730956803e-07	1.72067343152729e-05	164.285714285714	0.0684670641267995	0.00584336686263378	0.0626236972641657	0.0668016984000301
"347"	"AT1G31580"	0.0622896949028085	6.87105927710263e-08	5.02765223104567e-06	267.071428571429	0.066938509440545	0.00464881453773653	0.0622896949028085	0.0653869106018611
"348"	"AT4G16260"	0.0621077305357047	4.75092788243536e-06	0.00025705196423064	82.7857142857143	0.0710067364907268	0.0088990059550221	0.0621077305357047	0.0690503575170633
"349"	"AT4G16370"	0.0616769823772099	3.95561856270099e-06	0.000217078695837369	88.5	0.0701782816117777	0.00850129923456785	0.0616769823772099	0.0682597794686337
"350"	"AT4G02380"	0.0614696207313196	7.30076610278019e-09	6.1639325239187e-07	3017.42857142857	0.06437813449348	0.00290851376216039	0.0614696207313196	0.0629922785858034
"351"	"AT3G25930"	0.0614272912715581	5.42828750993429e-06	0.000291647083488288	83.7142857142857	0.0702579753180226	0.00883068404646455	0.0614272912715581	0.0683081031927932
"352"	"AT5G43580"	0.0608782912428353	3.05291063829038e-06	0.000169967481405689	99	0.0687684930109173	0.007890201768082	0.0608782912428353	0.0669081906264862
"353"	"AT2G40610"	0.0606957826592953	6.98494133583027e-05	0.00301490473501034	50.4285714285714	0.0735469780241827	0.0128511953648874	0.0606957826592953	0.0712142000591035
"354"	"AT3G17170"	0.0604795519041903	0.000147837058893319	0.00593123824270166	43.5	0.0749413091862557	0.0144617572820654	0.0604795519041903	0.0724551443719214
"355"	"AT3G16660"	0.0596315279590928	1.48529638558381e-05	0.000729171382136769	74.2857142857143	0.0692353208921256	0.00960379293303286	0.0596315279590928	0.0672118193491278
"356"	"AT1G58290_3"	0.0589338229284806	1.78772396774995e-07	1.22634671823419e-05	300.571428571429	0.0633698385893191	0.00443601566083858	0.0589338229284806	0.0618385063103398
"357"	"AT4G17340"	0.058148371782802	4.56111521662805e-07	2.92025401744611e-05	226.357142857143	0.0631406057294932	0.00499223394669118	0.058148371782802	0.0615563002804326
"358"	"AT3G22121"	0.0577750351644245	9.75178646712704e-05	0.00406086587679876	53.7857142857143	0.0699950902963554	0.0122200551319308	0.0577750351644245	0.067722420924891
"359"	"AT1G15380"	0.0576161863208809	5.73568497119759e-06	0.000306614743214151	107.071428571429	0.0651181114465287	0.00750192512564788	0.0576161863208809	0.0632947877899485
"360"	"AT3G22600"	0.0568192683527751	8.81919029771527e-06	0.000450164596516978	101.5	0.0645826061147957	0.00776333776202054	0.0568192683527751	0.0627343860166562
"361"	"AT3G54040"	0.0562791320078029	5.1708414566809e-06	0.000278789999380206	123.071428571429	0.0631619172328008	0.00688278522499782	0.0562791320078029	0.0613975592810444
"362"	"AT3G14210_3"	0.0562265114772446	1.5523041866361e-06	9.10408630986653e-05	182.571428571429	0.061759008231269	0.00553249675402439	0.0562265114772446	0.0601232491815101
"363"	"AT3G01420"	0.0558345229034326	1.66575623938847e-06	9.73232333629021e-05	186.642857142857	0.0613060937114079	0.00547157080797536	0.0558345229034326	0.0596761371327013
"364"	"AT2G22470"	0.0555498798078685	6.83425241698732e-06	0.000359640830956942	120.928571428571	0.0625060837352233	0.00695620392735478	0.0555498798078685	0.0607347335260996
"365"	"AT1G78370"	0.0548109428794816	1.46200492034954e-06	8.64044907926576e-05	225.857142857143	0.059808163852034	0.00499722097255232	0.0548109428794816	0.0582233834481295
"366"	"AT4G28250"	0.0547643668896107	0.000112032562195941	0.00461526099384135	61	0.0658631881421454	0.0110988212525347	0.0547643668896107	0.0636973029496712
"367"	"AT3G22120"	0.0546843149147544	7.75104628225609e-06	0.000401656762186538	125.928571428571	0.0614730953274321	0.00678878041267766	0.0546843149147544	0.0597176902149443
"368"	"AT1G58290_1"	0.0545328001970136	6.7506007395135e-07	4.2446162143329e-05	350.142857142857	0.0587286351516174	0.00419583495460377	0.0545328001970136	0.0572201772256128
"369"	"AT2G17500"	0.0544611459636198	8.8364638380245e-05	0.0037302500916232	65.8571428571429	0.0649434463128169	0.0104823003491971	0.0544611459636198	0.062836277396851
"370"	"AT3G05890"	0.0535885716141767	8.09189271033794e-07	4.95378579231286e-05	389.071428571429	0.0576386951774134	0.00405012356323675	0.0535885716141767	0.0561441145267771
"371"	"AT5G48490"	0.0533690269114152	1.49580566510821e-06	8.80634093871752e-05	284	0.0579040330825691	0.00453500617115387	0.0533690269114152	0.0563632731359407
"372"	"AT1G78460"	0.0533344818595026	7.86961556473731e-05	0.00335901424354871	72.7857142857143	0.0630797366826551	0.00974525482315255	0.0533344818595026	0.0610427625786935
"373"	"AT2G42840"	0.0532862569742488	1.76278819508102e-06	0.000102602285627329	265	0.0579499958923241	0.00466373891807527	0.0532862569742488	0.0563969756840842
"374"	"AT2G37130"	0.0527663919913879	1.78107927675253e-05	0.000863345872762756	116.071428571429	0.0598990477924442	0.00713265580105632	0.0527663919913879	0.058110892642968
"375"	"AT1G58290_5"	0.0522411837850928	1.8355713120588e-06	0.000106219058211594	317.214285714286	0.0565881918436904	0.00434700805859755	0.0522411837850928	0.0550653364792102
"376"	"AT5G56100"	0.0517296505983424	0.000253101230567321	0.00962076459580343	59	0.0631118378892007	0.0113821872908583	0.0517296505983424	0.0609189654549814
"377"	"AT2G37750"	0.0517285086318707	0.000260164273399699	0.00984651286960535	58.5714285714286	0.0631739349288427	0.011445426296972	0.0517285086318707	0.0609750397321364
"378"	"AT4G30270"	0.0516113356476584	1.28653842021986e-05	0.000639771824113217	145.428571428571	0.0578571655493545	0.00624582990169605	0.0516113356476584	0.0561534700093411
"379"	"AT5G23010"	0.0512207245663952	6.75382549959469e-05	0.00295229210479014	88.2857142857143	0.0597360086944402	0.00851528412804499	0.0512207245663952	0.0578161746566793
"380"	"AT4G25100"	0.0511906442847559	6.7677402870725e-07	4.2446162143329e-05	1306.64285714286	0.0543204172620693	0.00312977297731343	0.0511906442847559	0.0529134890481876
"381"	"AT1G74670"	0.0510099008799959	1.8387524068908e-06	0.000106219058211594	428.571428571429	0.0549392307692308	0.00392932988923489	0.0510099008799959	0.0534561542780232
"382"	"AT4G12510"	0.0508352118407343	3.86059039148012e-06	0.000212623053603884	276	0.0554222609988205	0.00458704915808625	0.0508352118407343	0.0538765445772462
"383"	"AT2G43150"	0.0508281820540534	5.74678159870334e-06	0.000306614743214151	225.214285714286	0.0558318474543428	0.00500366540028942	0.0508281820540534	0.0542464532954158
"384"	"AT2G29340"	0.050146921613773	4.64533363169206e-05	0.00208105529401109	108.642857142857	0.0575799625552786	0.00743304094150551	0.050146921613773	0.0557631992971881
"385"	"AT5G17820"	0.0501026593599505	3.97961159954718e-05	0.00180919265794799	114.857142857143	0.0572817599716686	0.00717910061171813	0.0501026593599505	0.0554891815068912
"386"	"AT1G24020"	0.0500641317970288	0.000219334558810402	0.00848940763395628	68.2142857142857	0.0602788806818302	0.0102147488848013	0.0500641317970288	0.0581971928577115
"387"	"AT5G63160"	0.0500421024026852	8.42904900610897e-06	0.00043463344640225	212.857142857143	0.0551772096198023	0.00513510721711705	0.0500421024026852	0.053579297192606
"388"	"AT4G03210"	0.049762937730541	6.96062590512803e-05	0.00301287261009006	98.6428571428571	0.0576717878644669	0.00790885013392593	0.049762937730541	0.0558097094451936
"389"	"AT3G63160"	0.0494813172236886	3.64107113648426e-06	0.000201254313248983	390.714285714286	0.053525930035527	0.00404461281183844	0.0494813172236886	0.0520318742183572
"390"	"AT5G40730"	0.0494719813041763	1.1059560765081e-05	0.000557184297430276	204.785714285714	0.0547015081246243	0.00522952682044796	0.0494719813041763	0.0530946033542536
"391"	"AT2G38170"	0.0491606030410909	7.76337748076283e-06	0.000401656762186538	258.714285714286	0.053871092646647	0.00471048960555616	0.0491606030410909	0.0523136199919803
"392"	"AT2G05520"	0.0480415188519132	9.19168433421991e-06	0.000466136704553212	294.5	0.0525125094983939	0.00447099064648069	0.0480415188519132	0.050977846268401
"393"	"AT1G58290_4"	0.0474590424833038	1.29584607958533e-05	0.00064232164060994	269.857142857143	0.0520881475543346	0.0046291050710308	0.0474590424833038	0.0505384258077179
"394"	"AT3G01190"	0.0474496170283465	0.000120698579898937	0.00494574500993884	101.285714285714	0.0552235834532162	0.0077739664248697	0.0474496170283465	0.053374351101472
"395"	"AT5G18600"	0.0473981577786591	0.000195964596800047	0.0077012582977737	86.3571428571429	0.0560424291252016	0.00864427134654257	0.0473981577786591	0.054110310590441
"396"	"AT3G60530"	0.0471101510796409	9.38383018844746e-05	0.00392893554974615	114.642857142857	0.0542975499670408	0.00718739888739987	0.0471101510796409	0.0525041811902937
"397"	"AT5G14780"	0.0470765920378527	9.53733039602556e-05	0.00398235377351437	114.357142857143	0.0542751036692011	0.00719851163134843	0.0470765920378527	0.0524806765358875
"398"	"AT2G44790"	0.0469232532302091	4.16660739742669e-05	0.00187753927474658	162.5	0.052800728265817	0.00587747503560792	0.0469232532302091	0.0511321141416216
"399"	"AT3G13470"	0.0464932130997893	0.000229848273411326	0.00880760241705346	88.5	0.0549945123343572	0.00850129923456785	0.0464932130997893	0.0530760101912132
"400"	"AT1G21310"	0.0442258331886703	4.00588681371827e-05	0.00181437344130116	264.928571428571	0.0488900909031317	0.00466425771446139	0.0442258331886703	0.0473370212857121
"401"	"AT3G16670"	0.0440144417704661	8.1943817122565e-05	0.00347831130913076	181.5	0.0495634259721412	0.00554898420167515	0.0440144417704661	0.0479260966892727
"402"	"AT3G15450"	0.0430068152388369	2.71529363962131e-05	0.00127593890111379	542.857142857143	0.0466856594928617	0.00367884425402479	0.0430068152388369	0.0452264387764361
"403"	"AT3G48360"	0.0426075729510849	5.74905157786354e-05	0.00253850363636354	302.642857142857	0.0470319770273999	0.00442440407631493	0.0426075729510849	0.0455017506136133
"404"	"AT1G07600"	0.0388325733216211	6.91876684636439e-05	0.00300321388026088	2234.21428571429	0.0418003275444581	0.00296775422283695	0.0388325733216211	0.0404088296881455
"405"	"AT5G20630"	0.0370691609981412	0.000245217907818729	0.00934992151747541	477.071428571429	0.0408775328405186	0.00380837184237737	0.0370691609981412	0.0394059761632974
"406"	"AT3G51600"	0.0370136965216645	0.000224858566356345	0.00865959080358797	558.428571428571	0.0406663483982546	0.00365265187659012	0.0370136965216645	0.0392096221939656
